4 0 0 5 0 0 9 0 0 10 0 0 14 0 0 15 16 1 15 16 1
9 0 0 10 0 0 14 0 0 15 0 0 15 16 1 15 22 1 15 22 1
14 0 0 15 0 0 15 16 1 15 21 1 15 22 1 15 31 1 15 31 1
3 31 1 7 31 1 11 31 1 14 31 1 15 18 1 15 26 1 15 26 1
6 0 0 10 0 0 14 0 0 15 18 0 15 22 0 15 30 0 15 30 0
5 31 2 9 31 2 13 31 2 15 17 2 15 21 2 15 29 2 15 29 2
11 31 1 15 31 1 15 18 1 15 22 1 15 26 1 0 31 2 0 31 2
1 31 1 5 31 1 9 31 1 13 31 1 15 17 1 15 25 1 15 25 1
2 0 0 6 0 0 14 0 0 15 17 0 15 21 0 15 29 0 15 29 0
2 0 0 6 0 0 11 0 0 15 0 0 15 19 0 15 28 1 15 28 1
15 23 1 15 27 1 2 31 2 5 31 2 9 31 2 13 31 2 13 31 2
2 31 2 5 31 2 9 31 2 12 31 2 13 31 2 15 20 2 15 20 2
0 31 1 4 31 1 8 31 1 12 31 1 15 16 1 15 24 1 15 24 1
0 31 2 4 31 2 8 31 2 12 31 2 15 16 2 15 24 2 15 24 2
15 31 1 1 31 2 5 31 2 8 31 2 12 31 2 15 20 2 15 20 2
1 31 2 5 31 2 9 31 2 13 31 2 15 17 2 15 25 2 15 25 2
15 23 1 15 27 1 15 31 1 1 31 2 5 31 2 9 31 2 9 31 2
15 31 1 1 31 2 5 31 2 8 31 2 9 31 2 15 16 2 15 16 2
3 31 2 4 31 2 7 31 2 11 31 2 15 31 2 15 19 2 15 19 2
7 31 2 11 31 2 15 31 2 15 17 2 15 19 2 15 27 2 15 27 2
1 0 0 5 0 0 10 0 0 14 0 0 15 19 0 15 28 1 15 28 1
0 31 1 4 31 1 8 31 1 12 31 1 15 16 1 15 24 1 15 24 1
4 31 2 8 31 2 12 31 2 15 16 2 15 20 2 15 28 2 15 28 2
0 0 0 1 0 0 4 0 0 5 0 0 9 0 0 14 0 0 14 0 0
4 0 0 5 0 0 9 0 0 13 0 0 14 0 0 15 23 0 15 23 0
9 0 0 13 0 0 14 0 0 15 18 0 15 23 0 15 28 1 15 28 1
1 0 0 5 0 0 9 0 0 10 0 0 14 0 0 15 26 0 15 26 0
9 0 0 10 0 0 14 0 0 15 18 0 15 26 0 15 31 0 15 31 0
1 0 0 2 0 0 6 0 0 10 0 0 14 0 0 15 19 0 15 19 0
6 0 0 10 0 0 14 0 0 15 18 0 15 19 0 15 27 0 15 27 0
2 31 1 6 31 1 9 31 1 13 31 1 15 17 1 15 24 1 15 24 1
1 31 2 5 31 2 9 31 2 13 31 2 15 17 2 15 25 2 15 25 2
10 31 1 14 31 1 0 31 2 4 31 2 8 31 2 15 21 2 15 21 2
0 31 2 4 31 2 8 31 2 12 31 2 15 21 2 15 29 2 15 29 2
3 31 1 7 31 1 15 18 1 8 31 2 12 31 2 15 21 2 15 21 2
5 31 1 9 31 1 10 31 1 14 31 1 15 18 1 15 22 1 15 22 1
10 31 1 14 31 1 15 18 1 15 19 1 15 22 1 15 27 1 15 27 1
15 18 1 15 19 1 15 22 1 15 23 1 15 27 1 15 28 2 15 28 2
1 31 2 5 31 2 8 31 2 14 31 2 15 20 2 15 28 2 15 28 2
5 0 0 9 0 0 13 0 0 15 17 0 15 21 0 15 29 0 15 29 0
15 31 0 0 31 1 4 31 1 8 31 1 12 31 1 15 20 1 15 20 1
6 0 0 10 0 0 14 0 0 15 18 0 15 22 0 15 30 0 15 30 0
15 23 0 15 27 0 15 30 0 3 31 1 6 31 1 10 31 1 10 31 1
15 30 0 3 31 1 6 31 1 9 31 1 10 31 1 15 16 1 15 16 1
0 0 0 1 0 0 2 0 0 5 0 0 6 0 0 11 0 0 11 0 0
2 0 0 5 0 0 6 0 0 10 0 0 11 0 0 15 0 0 15 0 0
6 0 0 10 0 0 11 0 0 14 0 0 15 0 0 15 23 0 15 23 0
11 0 0 14 0 0 15 0 0 15 19 0 15 23 0 15 28 1 15 28 1
0 31 2 4 31 2 8 31 2 15 17 2 15 21 2 15 29 2 15 29 2
2 0 0 5 0 0 9 0 0 13 0 0 15 16 0 15 20 0 15 20 0
9 0 0 13 0 0 15 16 0 15 17 0 15 20 0 15 24 0 15 24 0
15 19 1 15 23 1 15 30 1 0 31 2 1 31 2 8 31 2 8 31 2
3 0 0 10 0 0 14 0 0 15 17 0 15 21 0 15 28 0 15 28 0
0 0 0 1 0 0 4 0 0 5 0 0 9 0 0 15 18 0 15 18 0
4 0 0 5 0 0 9 0 0 13 0 0 15 18 0 15 31 0 15 31 0
0 31 1 4 31 1 9 31 1 13 31 1 15 18 1 15 27 1 15 27 1
15 19 1 15 22 1 15 25 1 15 28 1 3 31 2 9 31 2 9 31 2
15 25 1 15 28 1 3 31 2 6 31 2 9 31 2 15 17 2 15 17 2
11 31 1 15 31 1 15 18 1 15 22 1 15 25 1 0 31 2 0 31 2
15 18 1 15 22 1 15 25 1 15 29 1 0 31 2 4 31 2 4 31 2
15 18 0 15 19 0 15 20 0 15 21 0 15 23 0 15 28 0 15 28 0
15 27 1 15 31 1 2 31 2 6 31 2 9 31 2 15 16 2 15 16 2
3 0 0 7 0 0 11 0 0 14 0 0 15 0 0 15 23 0 15 23 0
11 0 0 14 0 0 15 0 0 15 19 0 15 23 0 15 31 0 15 31 0
2 0 0 3 0 0 7 0 0 8 31 1 13 31 1 15 18 1 15 18 1
7 0 0 8 31 1 13 31 1 15 17 1 15 18 1 15 27 1 15 27 1
15 0 0 15 19 0 15 23 0 15 26 0 15 30 0 4 31 1 4 31 1
15 31 1 15 19 1 15 22 1 15 26 1 15 29 1 2 31 2 2 31 2
15 22 1 15 26 1 15 29 1 0 31 2 2 31 2 6 31 2 6 31 2
15 27 0 15 31 0 2 31 1 9 31 1 13 31 1 15 20 1 15 20 1
3 0 0 7 0 0 10 0 0 14 0 0 15 17 0 15 28 0 15 28 0
11 0 0 15 23 0 15 27 0 15 31 0 0 31 1 8 31 1 8 31 1
11 31 1 15 31 1 15 18 1 15 22 1 0 31 2 4 31 2 4 31 2
2 31 1 6 31 1 10 31 1 14 31 1 15 18 1 15 26 1 15 26 1
3 0 0 7 0 0 8 31 1 12 31 1 15 21 1 15 29 1 15 29 1
15 31 1 15 19 1 15 22 1 15 26 1 15 29 1 5 31 2 5 31 2
15 22 1 15 26 1 15 29 1 1 31 2 5 31 2 12 31 2 12 31 2
15 31 0 0 31 1 4 31 1 8 31 1 12 31 1 15 20 1 15 20 1
2 0 0 7 0 0 11 0 0 12 31 1 15 16 1 15 25 1 15 25 1
0 31 1 1 31 1 4 31 1 5 31 1 9 31 1 15 18 1 15 18 1
4 31 1 5 31 1 9 31 1 13 31 1 15 18 1 15 26 1 15 26 1
2 31 1 3 31 1 7 31 1 11 31 1 15 31 1 15 24 2 15 24 2
12 0 0 15 17 0 15 18 0 15 22 0 15 23 0 15 20 1 15 20 1
15 18 0 15 22 0 15 23 0 15 27 0 15 20 1 15 29 1 15 29 1
3 31 1 7 31 1 11 31 1 15 31 1 15 22 1 15 30 1 15 30 1
7 0 0 11 0 0 15 0 0 15 19 0 15 26 0 0 31 1 0 31 1
15 0 0 15 19 0 15 26 0 15 30 0 0 31 1 8 31 1 8 31 1
2 0 0 6 0 0 10 0 0 14 0 0 15 18 0 15 26 0 15 26 0
0 0 0 4 0 0 9 0 0 13 0 0 15 17 0 15 30 0 15 30 0
3 31 1 0 31 2 1 31 2 2 31 2 4 31 2 9 31 2 9 31 2
8 0 0 12 0 0 15 16 0 15 17 0 15 21 0 15 30 0 15 30 0
3 0 0 7 0 0 14 0 0 15 18 0 15 21 0 15 29 0 15 29 0
2 0 0 6 0 0 11 0 0 15 0 0 15 16 1 15 25 1 15 25 1
11 31 1 15 31 1 15 22 1 15 26 1 15 30 1 4 31 2 4 31 2
0 31 2 4 31 2 8 31 2 12 31 2 15 16 2 15 24 2 15 24 2
3 0 0 7 0 0 12 31 1 15 16 1 15 20 1 15 29 1 15 29 1
0 31 1 4 31 1 8 31 1 12 31 1 15 16 1 15 24 1 15 24 1
3 31 1 7 31 1 8 31 2 12 31 2 15 16 2 15 21 2 15 21 2
3 31 1 4 31 2 8 31 2 9 31 2 13 31 2 15 22 2 15 22 2
8 31 2 9 31 2 13 31 2 15 18 2 15 22 2 15 27 2 15 27 2
2 31 1 6 31 1 13 31 1 15 17 1 15 21 1 15 28 1 15 28 1
1 0 0 2 0 0 6 0 0 10 0 0 14 0 0 15 23 0 15 23 0
6 0 0 10 0 0 14 0 0 15 19 0 15 23 0 15 20 1 15 20 1
14 0 0 15 19 0 15 23 0 15 16 1 15 20 1 15 28 1 15 28 1
3 31 1 7 31 1 8 31 2 12 31 2 15 17 2 15 25 2 15 25 2
10 0 0 11 0 0 13 0 0 14 0 0 15 16 0 15 20 0 15 20 0
13 0 0 14 0 0 15 16 0 15 17 0 15 20 0 4 31 1 4 31 1
0 31 2 1 31 2 2 31 2 5 31 2 6 31 2 9 31 2 9 31 2
2 31 2 5 31 2 6 31 2 7 31 2 9 31 2 13 31 2 13 31 2
6 31 2 7 31 2 9 31 2 11 31 2 13 31 2 15 17 2 15 17 2
9 31 2 11 31 2 13 31 2 15 31 2 15 17 2 15 19 2 15 19 2
13 31 2 15 31 2 15 17 2 15 18 2 15 19 2 15 22 2 15 22 2
15 17 2 15 18 2 15 19 2 15 21 2 15 22 2 15 26 2 15 26 2
15 19 2 15 21 2 15 22 2 15 25 2 15 26 2 15 29 2 15 29 2
0 0 0 4 0 0 8 0 0 12 0 0 15 16 0 15 24 0 15 24 0
1 0 0 6 0 0 10 0 0 15 0 0 15 19 0 15 24 1 15 24 1
15 30 1 7 31 2 11 31 2 14 31 2 15 31 2 15 21 2 15 21 2
15 0 0 15 19 0 15 23 0 15 27 0 15 30 0 8 31 1 8 31 1
1 0 0 2 0 0 6 0 0 15 0 0 15 19 0 15 27 0 15 27 0
15 31 1 11 31 2 14 31 2 15 31 2 15 17 2 15 24 2 15 24 2
2 31 1 6 31 1 10 31 1 14 31 1 15 18 1 15 26 1 15 26 1
1 31 2 5 31 2 9 31 2 13 31 2 15 17 2 15 25 2 15 25 2
2 31 1 7 31 1 11 31 1 12 31 2 15 16 2 15 25 2 15 25 2
3 0 0 6 0 0 14 0 0 15 18 0 15 21 0 15 29 0 15 29 0
2 31 1 6 31 1 10 31 1 14 31 1 15 18 1 15 26 1 15 26 1
2 31 2 6 31 2 10 31 2 14 31 2 15 18 2 15 29 2 15 29 2
1 31 1 6 31 1 10 31 1 15 19 1 15 23 1 15 24 2 15 24 2
3 0 0 7 0 0 11 0 0 15 0 0 15 19 0 15 27 0 15 27 0
15 31 1 15 19 1 15 22 1 15 26 1 15 29 1 4 31 2 4 31 2
1 31 2 5 31 2 9 31 2 13 31 2 15 17 2 15 25 2 15 25 2
1 31 1 5 31 1 9 31 1 13 31 1 15 21 1 15 28 1 15 28 1
2 31 1 6 31 1 10 31 1 14 31 1 15 18 1 15 26 1 15 26 1
10 31 1 14 31 1 15 18 1 15 22 1 15 26 1 15 30 1 15 30 1
2 0 0 6 0 0 10 0 0 14 0 0 15 18 0 15 26 0 15 26 0
15 19 0 15 23 0 15 26 0 15 29 0 3 31 1 10 31 1 10 31 1
15 26 0 15 29 0 3 31 1 7 31 1 10 31 1 15 16 1 15 16 1
2 0 0 6 0 0 10 0 0 14 0 0 15 25 0 15 31 0 15 31 0
10 0 0 14 0 0 15 25 0 15 29 0 15 31 0 8 31 1 8 31 1
15 25 0 15 29 0 15 31 0 1 31 1 8 31 1 15 16 1 15 16 1
1 31 2 5 31 2 9 31 2 13 31 2 15 17 2 15 25 2 15 25 2
15 0 0 15 19 0 15 26 0 15 30 0 0 31 1 8 31 1 8 31 1
0 31 2 5 31 2 9 31 2 13 31 2 15 18 2 15 26 2 15 26 2
9 31 2 13 31 2 15 18 2 15 22 2 15 26 2 15 31 2 15 31 2
2 31 1 6 31 1 7 31 1 8 31 2 12 31 2 15 18 2 15 18 2
7 31 1 8 31 2 12 31 2 13 31 2 15 18 2 15 23 2 15 23 2
1 31 1 4 31 1 5 31 1 8 31 1 9 31 1 15 16 1 15 16 1
5 31 1 8 31 1 9 31 1 12 31 1 15 16 1 15 24 1 15 24 1
6 31 2 10 31 2 13 31 2 15 17 2 15 21 2 15 28 2 15 28 2
2 31 1 6 31 1 10 31 1 13 31 1 14 31 1 15 25 1 15 25 1
9 31 1 12 31 1 15 16 1 15 20 1 15 24 1 15 28 1 15 28 1
2 31 2 3 31 2 6 31 2 9 31 2 10 31 2 15 16 2 15 16 2
2 0 0 5 0 0 6 0 0 7 0 0 11 0 0 15 16 1 15 16 1
6 0 0 7 0 0 11 0 0 12 31 1 15 16 1 15 24 1 15 24 1
1 31 2 5 31 2 9 31 2 14 31 2 15 18 2 15 27 2 15 27 2
2 31 1 6 31 1 10 31 1 13 31 1 15 17 1 15 25 1 15 25 1
11 31 2 15 31 2 15 18 2 15 21 2 15 22 2 15 28 2 15 28 2
2 31 1 7 31 1 11 31 1 15 31 1 15 19 1 15 28 2 15 28 2
7 0 0 11 0 0 14 0 0 15 17 0 15 21 0 0 31 1 0 31 1
3 0 0 4 31 1 8 31 1 12 31 1 15 17 1 15 30 1 15 30 1
15 31 1 15 19 1 15 22 1 15 25 1 15 29 1 5 31 2 5 31 2
15 22 1 15 25 1 15 29 1 2 31 2 5 31 2 12 31 2 12 31 2
1 0 0 6 0 0 10 0 0 15 19 0 15 20 1 15 29 1 15 29 1
2 0 0 11 0 0 12 31 1 15 16 1 15 21 1 15 30 1 15 30 1
3 31 1 4 31 2 8 31 2 13 31 2 15 17 2 15 26 2 15 26 2
2 31 1 6 31 1 10 31 1 14 31 1 15 18 1 15 26 1 15 26 1
2 31 1 6 31 1 15 31 1 15 19 1 15 20 2 15 28 2 15 28 2
3 31 1 7 31 1 11 31 1 15 31 1 15 19 1 15 27 1 15 27 1
15 23 1 15 27 1 15 30 1 1 31 2 5 31 2 12 31 2 12 31 2
15 27 1 15 31 1 1 31 2 5 31 2 8 31 2 15 16 2 15 16 2
0 31 1 3 31 1 4 31 1 7 31 1 11 31 1 15 31 1 15 31 1
4 31 1 7 31 1 11 31 1 13 31 1 15 31 1 15 25 1 15 25 1
11 31 1 13 31 1 15 31 1 15 17 1 15 25 1 15 16 2 15 16 2
15 31 1 15 17 1 15 25 1 15 30 1 15 16 2 15 28 2 15 28 2
0 31 1 9 31 1 13 31 1 15 17 1 15 21 1 15 29 1 15 29 1
0 31 1 4 31 1 8 31 1 12 31 1 15 16 1 15 24 1 15 24 1
1 31 1 2 31 1 6 31 1 11 31 1 12 31 2 15 22 2 15 22 2
6 31 1 11 31 1 12 31 2 15 17 2 15 22 2 15 27 2 15 27 2
5 0 0 9 0 0 13 0 0 15 18 0 15 22 0 15 31 0 15 31 0
2 0 0 3 0 0 7 0 0 4 31 1 8 31 1 15 18 1 15 18 1
7 0 0 4 31 1 8 31 1 13 31 1 15 18 1 15 27 1 15 27 1
1 0 0 5 0 0 9 0 0 15 20 0 15 21 0 15 26 0 15 26 0
15 19 0 15 22 0 15 23 0 15 26 0 15 29 0 3 31 1 3 31 1
15 23 0 15 26 0 15 29 0 2 31 1 3 31 1 6 31 1 6 31 1
15 29 0 2 31 1 3 31 1 5 31 1 6 31 1 9 31 1 9 31 1
3 31 1 5 31 1 6 31 1 7 31 1 9 31 1 12 31 1 12 31 1
6 31 1 7 31 1 9 31 1 10 31 1 12 31 1 14 31 1 14 31 1
9 31 1 10 31 1 12 31 1 13 31 1 14 31 1 15 16 1 15 16 1
12 31 1 13 31 1 14 31 1 15 31 1 15 16 1 12 31 2 12 31 2
1 31 2 5 31 2 9 31 2 14 31 2 15 18 2 15 27 2 15 27 2
0 0 0 4 0 0 8 0 0 12 0 0 15 16 0 15 24 0 15 24 0
4 31 1 9 31 1 13 31 1 15 18 1 15 22 1 15 31 1 15 31 1
3 0 0 7 0 0 11 0 0 8 31 1 12 31 1 15 20 1 15 20 1
0 31 1 4 31 1 8 31 1 12 31 1 15 16 1 15 24 1 15 24 1
1 31 1 5 31 1 9 31 1 13 31 1 15 16 1 15 21 1 15 21 1
9 31 1 13 31 1 15 16 1 15 17 1 15 21 1 15 29 1 15 29 1
1 31 1 5 31 1 9 31 1 13 31 1 15 17 1 15 24 1 15 24 1
9 31 1 13 31 1 15 17 1 15 21 1 15 24 1 15 29 1 15 29 1
15 27 0 15 30 0 7 31 1 10 31 1 13 31 1 15 17 1 15 17 1
7 31 1 10 31 1 13 31 1 15 16 1 15 17 1 0 31 2 0 31 2
2 31 2 5 31 2 6 31 2 9 31 2 10 31 2 14 31 2 14 31 2
6 31 2 9 31 2 10 31 2 13 31 2 14 31 2 15 17 2 15 17 2
10 31 2 13 31 2 14 31 2 15 16 2 15 17 2 15 21 2 15 21 2
3 0 0 6 0 0 10 0 0 14 0 0 15 17 0 15 21 0 15 21 0
2 31 1 3 31 1 7 31 1 11 31 1 4 31 2 9 31 2 9 31 2
7 31 1 11 31 1 4 31 2 8 31 2 9 31 2 14 31 2 14 31 2
4 31 2 8 31 2 9 31 2 13 31 2 14 31 2 15 19 2 15 19 2
15 23 1 15 27 1 15 30 1 2 31 2 5 31 2 12 31 2 12 31 2
15 30 1 2 31 2 5 31 2 9 31 2 12 31 2 15 20 2 15 20 2
0 31 1 5 31 1 9 31 1 13 31 1 15 22 1 15 31 1 15 31 1
1 31 1 5 31 1 10 31 1 14 31 1 15 19 1 15 29 2 15 29 2
0 0 0 4 0 0 9 0 0 13 0 0 15 17 0 15 22 0 15 22 0
9 0 0 13 0 0 15 17 0 15 18 0 15 22 0 15 31 0 15 31 0
3 31 1 7 31 1 8 31 2 12 31 2 15 17 2 15 25 2 15 25 2
15 27 1 15 30 1 15 31 1 11 31 2 14 31 2 15 20 2 15 20 2
14 0 0 15 0 0 15 18 0 15 19 0 15 22 0 15 26 0 15 26 0
15 18 0 15 19 0 15 22 0 15 25 0 15 26 0 15 30 0 15 30 0
15 22 0 15 25 0 15 26 0 15 29 0 15 30 0 4 31 1 4 31 1
15 26 0 15 29 0 15 30 0 1 31 1 4 31 1 8 31 1 8 31 1
2 31 1 6 31 1 15 31 1 15 19 1 15 23 1 15 31 1 15 31 1
1 31 1 5 31 1 6 31 1 9 31 1 15 19 1 6 31 2 6 31 2
6 31 1 9 31 1 15 19 1 2 31 2 6 31 2 14 31 2 14 31 2
3 0 0 4 31 1 8 31 1 12 31 1 15 16 1 15 29 1 15 29 1
15 27 0 2 31 1 5 31 1 9 31 1 12 31 1 15 20 1 15 20 1
1 31 2 5 31 2 9 31 2 13 31 2 15 20 2 15 24 2 15 24 2
1 0 0 5 0 0 9 0 0 13 0 0 15 17 0 15 25 0 15 25 0
1 0 0 5 0 0 10 0 0 14 0 0 15 0 0 15 24 1 15 24 1
1 0 0 5 0 0 9 0 0 14 0 0 15 18 0 15 27 0 15 27 0
14 31 1 15 18 1 15 19 1 15 22 1 15 26 1 15 30 1 15 30 1
15 23 0 15 27 0 15 30 0 2 31 1 5 31 1 12 31 1 12 31 1
15 30 0 2 31 1 5 31 1 9 31 1 12 31 1 15 20 1 15 20 1
15 0 0 15 19 0 15 23 0 15 26 0 15 30 0 4 31 1 4 31 1
15 23 0 15 26 0 15 30 0 1 31 1 4 31 1 8 31 1 8 31 1
3 31 1 7 31 1 14 31 1 15 18 1 15 21 1 15 29 1 15 29 1
2 0 0 6 0 0 7 0 0 11 0 0 12 31 1 15 21 1 15 21 1
7 0 0 11 0 0 12 31 1 15 16 1 15 21 1 15 29 1 15 29 1
15 0 0 15 19 0 15 22 0 15 26 0 15 29 0 4 31 1 4 31 1
15 22 0 15 26 0 15 29 0 1 31 1 4 31 1 12 31 1 12 31 1
7 31 2 11 31 2 15 31 2 15 19 2 15 22 2 15 26 2 15 26 2
2 0 0 11 0 0 15 0 0 12 31 1 15 16 1 15 25 1 15 25 1
0 31 1 4 31 1 5 31 1 9 31 1 15 18 1 15 27 1 15 27 1
1 31 1 6 31 1 11 31 1 1 31 2 5 31 2 12 31 2 12 31 2
11 31 1 1 31 2 5 31 2 10 31 2 12 31 2 15 19 2 15 19 2
5 31 2 10 31 2 12 31 2 15 16 2 15 19 2 15 23 2 15 23 2
12 31 2 15 16 2 15 19 2 15 21 2 15 23 2 15 26 2 15 26 2
0 31 2 4 31 2 8 31 2 12 31 2 15 16 2 15 24 2 15 24 2
0 31 1 1 31 1 6 31 1 7 31 1 8 31 2 10 31 2 10 31 2
6 31 1 7 31 1 8 31 2 9 31 2 10 31 2 14 31 2 14 31 2
8 31 2 9 31 2 10 31 2 13 31 2 14 31 2 15 19 2 15 19 2
11 0 0 14 0 0 15 18 0 15 21 0 15 25 0 0 31 1 0 31 1
0 31 2 5 31 2 9 31 2 10 31 2 14 31 2 15 23 2 15 23 2
1 0 0 5 0 0 9 0 0 13 0 0 15 18 0 15 26 0 15 26 0
15 31 1 15 19 1 15 22 1 15 23 1 15 26 1 15 29 1 15 29 1
15 22 1 15 23 1 15 26 1 15 27 1 15 29 1 1 31 2 1 31 2
15 26 1 15 27 1 15 29 1 15 30 1 1 31 2 8 31 2 8 31 2
2 31 2 13 31 2 15 17 2 15 21 2 15 24 2 15 28 2 15 28 2
4 0 0 8 0 0 12 0 0 15 16 0 15 20 0 15 28 0 15 28 0
3 31 1 7 31 1 10 31 1 14 31 1 15 17 1 15 21 1 15 21 1
5 31 2 9 31 2 13 31 2 15 16 2 15 20 2 15 28 2 15 28 2
0 31 2 4 31 2 9 31 2 13 31 2 15 17 2 15 26 2 15 26 2
0 31 1 9 31 1 13 31 1 15 17 1 15 22 1 15 30 1 15 30 1
2 31 1 6 31 1 10 31 1 14 31 1 15 21 1 15 29 1 15 29 1
0 31 1 4 31 1 8 31 1 12 31 1 15 16 1 15 24 1 15 24 1
8 31 1 12 31 1 15 16 1 15 20 1 15 24 1 15 28 1 15 28 1
2 31 2 6 31 2 10 31 2 13 31 2 15 21 2 15 28 2 15 28 2
2 31 2 6 31 2 10 31 2 14 31 2 15 18 2 15 26 2 15 26 2
3 0 0 7 0 0 10 0 0 11 0 0 14 0 0 15 17 0 15 17 0
10 0 0 11 0 0 14 0 0 15 0 0 15 17 0 15 21 0 15 21 0
14 0 0 15 0 0 15 17 0 15 18 0 15 21 0 15 25 0 15 25 0
15 17 0 15 18 0 15 21 0 15 24 0 15 25 0 0 31 1 0 31 1
15 21 0 15 24 0 15 25 0 15 28 0 0 31 1 4 31 1 4 31 1
15 19 1 15 23 1 15 26 1 15 30 1 1 31 2 12 31 2 12 31 2
3 31 1 0 31 2 4 31 2 8 31 2 13 31 2 15 21 2 15 21 2
15 23 1 15 27 1 15 31 1 1 31 2 5 31 2 12 31 2 12 31 2
3 0 0 7 0 0 11 0 0 15 0 0 15 19 0 15 27 0 15 27 0
15 31 1 1 31 2 5 31 2 9 31 2 12 31 2 15 20 2 15 20 2
3 0 0 10 0 0 14 0 0 15 18 0 15 21 0 15 25 0 15 25 0
1 31 1 6 31 1 11 31 1 15 31 1 15 16 2 15 21 2 15 21 2
11 31 1 15 31 1 15 19 1 15 23 1 15 27 1 9 31 2 9 31 2
15 19 1 15 23 1 15 27 1 15 31 1 9 31 2 11 31 2 11 31 2
11 31 1 15 31 1 15 18 1 15 22 1 15 25 1 0 31 2 0 31 2
15 31 1 11 31 2 14 31 2 15 31 2 15 17 2 15 21 2 15 21 2
1 31 2 5 31 2 9 31 2 15 18 2 15 21 2 15 26 2 15 26 2
15 31 1 15 19 1 15 23 1 15 30 1 0 31 2 8 31 2 8 31 2
3 31 1 7 31 1 11 31 1 15 31 1 15 19 1 15 27 1 15 27 1
0 31 2 4 31 2 8 31 2 12 31 2 15 16 2 15 24 2 15 24 2
3 31 1 7 31 1 0 31 2 1 31 2 4 31 2 9 31 2 9 31 2
0 31 2 1 31 2 4 31 2 5 31 2 9 31 2 15 17 2 15 17 2
1 31 2 5 31 2 9 31 2 13 31 2 15 17 2 15 25 2 15 25 2
6 0 0 11 0 0 15 0 0 15 16 1 15 20 1 15 29 1 15 29 1
0 31 1 5 31 1 9 31 1 13 31 1 15 22 1 15 30 1 15 30 1
3 31 2 7 31 2 11 31 2 15 31 2 15 19 2 15 27 2 15 27 2
6 31 1 10 31 1 14 31 1 15 18 1 15 22 1 15 30 1 15 30 1
1 31 1 5 31 1 9 31 1 13 31 1 15 17 1 15 25 1 15 25 1
6 0 0 10 0 0 14 0 0 15 0 0 15 18 0 8 31 1 8 31 1
3 31 1 7 31 1 11 31 1 15 16 2 15 20 2 15 24 2 15 24 2
3 31 2 7 31 2 11 31 2 15 31 2 15 19 2 15 27 2 15 27 2
2 31 1 7 31 1 11 31 1 8 31 2 12 31 2 15 22 2 15 22 2
15 27 0 0 31 1 4 31 1 8 31 1 12 31 1 15 24 1 15 24 1
2 31 2 6 31 2 10 31 2 14 31 2 15 18 2 15 26 2 15 26 2
15 17 0 15 19 0 15 20 0 15 21 0 15 22 0 15 17 1 15 17 1
15 20 0 15 21 0 15 22 0 15 16 1 15 17 1 15 19 1 15 19 1
15 22 0 15 16 1 15 17 1 15 18 1 15 19 1 13 31 2 13 31 2
15 17 1 15 18 1 15 19 1 12 31 2 13 31 2 15 31 2 15 31 2
15 0 0 15 19 0 15 23 0 15 26 0 15 30 0 8 31 1 8 31 1
15 23 1 15 26 1 15 29 1 7 31 2 10 31 2 13 31 2 13 31 2
15 29 1 7 31 2 10 31 2 11 31 2 13 31 2 15 16 2 15 16 2
0 31 1 4 31 1 8 31 1 13 31 1 15 16 1 15 25 1 15 25 1
1 0 0 5 0 0 9 0 0 13 0 0 15 17 0 15 25 0 15 25 0
3 31 2 7 31 2 14 31 2 15 18 2 15 22 2 15 29 2 15 29 2
1 31 2 5 31 2 9 31 2 15 17 2 15 20 2 15 22 2 15 22 2
9 31 2 15 17 2 15 20 2 15 21 2 15 22 2 15 28 2 15 28 2
12 31 2 13 31 2 15 16 2 15 17 2 15 21 2 15 26 2 15 26 2
15 16 2 15 17 2 15 21 2 15 22 2 15 26 2 15 31 2 15 31 2
2 31 2 6 31 2 10 31 2 15 19 2 15 23 2 15 31 2 15 31 2
0 0 0 4 0 0 8 0 0 12 0 0 15 16 0 15 29 0 15 29 0
2 31 2 6 31 2 10 31 2 14 31 2 15 21 2 15 29 2 15 29 2
2 31 1 6 31 1 10 31 1 14 31 1 15 31 1 15 31 1 15 31 1
15 0 0 15 19 0 15 23 0 15 27 0 15 31 0 4 31 1 4 31 1
2 0 0 6 0 0 15 0 0 15 19 0 15 20 1 15 28 1 15 28 1
15 23 1 15 27 1 15 31 1 1 31 2 4 31 2 12 31 2 12 31 2
1 0 0 5 0 0 9 0 0 13 0 0 15 17 0 15 25 0 15 25 0
0 31 1 1 31 1 5 31 1 9 31 1 13 31 1 15 21 1 15 21 1
5 31 1 9 31 1 13 31 1 15 17 1 15 21 1 15 29 1 15 29 1
3 0 0 6 0 0 7 0 0 10 0 0 14 0 0 15 22 0 15 22 0
7 0 0 10 0 0 14 0 0 15 18 0 15 22 0 15 30 0 15 30 0
1 31 1 5 31 1 9 31 1 13 31 1 15 22 1 15 30 1 15 30 1
0 31 2 4 31 2 13 31 2 15 17 2 15 21 2 15 29 2 15 29 2
3 0 0 6 0 0 10 0 0 13 0 0 15 17 0 15 24 0 15 24 0
1 0 0 4 0 0 5 0 0 8 0 0 9 0 0 15 24 0 15 24 0
0 31 1 9 31 1 13 31 1 15 17 1 15 22 1 15 30 1 15 30 1
12 0 0 13 0 0 15 17 0 15 18 0 15 22 0 15 27 0 15 27 0
15 17 0 15 18 0 15 22 0 15 23 0 15 27 0 15 28 1 15 28 1
1 31 1 5 31 1 9 31 1 13 31 1 15 17 1 15 25 1 15 25 1
3 0 0 7 0 0 11 0 0 0 31 1 4 31 1 12 31 1 12 31 1
11 0 0 0 31 1 4 31 1 8 31 1 12 31 1 15 20 1 15 20 1
4 31 1 8 31 1 12 31 1 15 16 1 15 20 1 15 29 1 15 29 1
15 31 0 2 31 1 3 31 1 5 31 1 6 31 1 10 31 1 10 31 1
3 31 1 5 31 1 6 31 1 9 31 1 10 31 1 15 20 1 15 20 1
15 0 0 15 18 0 15 22 0 15 25 0 15 28 0 4 31 1 4 31 1
3 31 1 7 31 1 2 31 2 5 31 2 8 31 2 12 31 2 12 31 2
2 31 2 5 31 2 8 31 2 9 31 2 12 31 2 15 26 2 15 26 2
2 31 1 6 31 1 10 31 1 15 31 1 15 19 1 15 24 2 15 24 2
10 31 1 15 31 1 15 19 1 15 20 2 15 24 2 15 29 2 15 29 2
3 31 1 7 31 1 11 31 1 15 31 1 15 19 1 15 27 1 15 27 1
0 31 2 5 31 2 9 31 2 10 31 2 14 31 2 15 22 2 15 22 2
9 31 2 10 31 2 14 31 2 15 18 2 15 22 2 15 27 2 15 27 2
2 0 0 7 0 0 9 0 0 11 0 0 13 0 0 15 0 0 15 0 0
9 0 0 11 0 0 13 0 0 14 0 0 15 0 0 15 18 0 15 18 0
13 0 0 14 0 0 15 0 0 15 17 0 15 18 0 15 22 0 15 22 0
15 0 0 15 17 0 15 18 0 15 20 0 15 22 0 15 26 0 15 26 0
15 18 0 15 20 0 15 22 0 15 24 0 15 26 0 15 29 0 15 29 0
15 31 1 3 31 2 7 31 2 10 31 2 15 17 2 15 24 2 15 24 2
1 0 0 5 0 0 9 0 0 13 0 0 15 17 0 15 25 0 15 25 0
9 0 0 13 0 0 15 17 0 15 21 0 15 25 0 5 31 1 5 31 1
2 31 2 3 31 2 6 31 2 7 31 2 9 31 2 13 31 2 13 31 2
6 31 2 7 31 2 9 31 2 10 31 2 13 31 2 15 17 2 15 17 2
9 31 2 10 31 2 13 31 2 14 31 2 15 17 2 15 24 2 15 24 2
0 31 1 5 31 1 10 31 1 15 31 1 12 31 2 15 20 2 15 20 2
10 31 1 15 31 1 12 31 2 15 16 2 15 20 2 15 25 2 15 25 2
0 31 2 9 31 2 13 31 2 15 17 2 15 18 2 15 26 2 15 26 2
0 0 0 4 0 0 8 0 0 15 17 0 15 21 0 15 26 0 15 26 0
15 0 0 15 19 0 15 23 0 15 26 0 15 27 0 1 31 1 1 31 1
15 23 0 15 26 0 15 27 0 15 30 0 1 31 1 5 31 1 5 31 1
15 27 0 15 30 0 1 31 1 4 31 1 5 31 1 12 31 1 12 31 1
15 27 0 1 31 1 12 31 1 15 16 1 15 20 1 15 28 1 15 28 1
1 31 1 5 31 1 14 31 1 15 18 1 15 22 1 15 31 1 15 31 1
3 0 0 7 0 0 11 0 0 15 0 0 15 19 0 15 27 0 15 27 0
1 31 1 6 31 1 10 31 1 15 31 1 15 19 1 15 24 2 15 24 2
10 31 1 15 31 1 15 19 1 15 20 2 15 24 2 15 29 2 15 29 2
15 23 0 15 27 0 15 30 0 2 31 1 5 31 1 13 31 1 13 31 1
13 31 1 15 19 1 15 23 1 15 27 1 15 31 1 8 31 2 8 31 2
15 23 1 15 27 1 15 31 1 4 31 2 8 31 2 15 16 2 15 16 2
15 23 1 15 27 1 15 31 1 0 31 2 4 31 2 12 31 2 12 31 2
15 27 1 15 31 1 2 31 2 5 31 2 9 31 2 15 20 2 15 20 2
2 31 1 6 31 1 10 31 1 14 31 1 15 23 1 15 31 1 15 31 1
11 0 0 15 0 0 0 31 1 4 31 1 12 31 1 15 17 1 15 17 1
0 31 1 4 31 1 12 31 1 15 16 1 15 17 1 15 25 1 15 25 1
1 0 0 5 0 0 9 0 0 13 0 0 15 22 0 15 30 0 15 30 0
15 27 0 15 31 0 2 31 1 9 31 1 13 31 1 15 20 1 15 20 1
1 0 0 5 0 0 9 0 0 13 0 0 15 17 0 15 25 0 15 25 0
3 0 0 7 0 0 11 0 0 15 0 0 15 19 0 15 24 1 15 24 1
0 31 2 4 31 2 9 31 2 13 31 2 15 18 2 15 27 2 15 27 2
3 31 1 0 31 2 4 31 2 9 31 2 14 31 2 15 23 2 15 23 2
0 31 1 4 31 1 9 31 1 13 31 1 15 17 1 15 26 1 15 26 1
1 0 0 6 0 0 10 0 0 15 19 0 15 23 0 15 28 1 15 28 1
0 31 2 4 31 2 8 31 2 12 31 2 15 16 2 15 24 2 15 24 2
5 31 1 9 31 1 13 31 1 15 17 1 15 21 1 15 29 1 15 29 1
11 31 1 15 31 1 15 18 1 15 22 1 15 25 1 0 31 2 0 31 2
15 21 0 15 22 0 15 25 0 15 26 0 15 27 0 15 24 1 15 24 1
15 25 0 15 26 0 15 27 0 15 30 0 15 24 1 15 30 1 15 30 1
2 31 2 6 31 2 10 31 2 14 31 2 15 18 2 15 26 2 15 26 2
3 0 0 7 0 0 11 0 0 15 0 0 15 19 0 15 27 0 15 27 0
7 31 2 11 31 2 14 31 2 15 18 2 15 21 2 15 28 2 15 28 2
0 31 1 8 31 1 12 31 1 15 16 1 15 20 1 15 28 1 15 28 1
0 31 2 5 31 2 9 31 2 14 31 2 15 18 2 15 23 2 15 23 2
1 31 2 5 31 2 9 31 2 13 31 2 15 18 2 15 26 2 15 26 2
2 31 1 6 31 1 10 31 1 14 31 1 15 18 1 15 26 1 15 26 1
4 0 0 8 0 0 12 0 0 15 16 0 15 20 0 15 28 0 15 28 0
1 0 0 5 0 0 9 0 0 13 0 0 15 17 0 15 26 0 15 26 0
6 31 1 10 31 1 12 31 1 13 31 1 15 17 1 15 21 1 15 21 1
12 31 1 13 31 1 15 17 1 15 20 1 15 21 1 15 28 1 15 28 1
3 31 1 4 31 2 8 31 2 15 17 2 15 18 2 15 26 2 15 26 2
1 0 0 5 0 0 8 0 0 9 0 0 13 0 0 15 21 0 15 21 0
8 0 0 9 0 0 13 0 0 15 17 0 15 21 0 15 29 0 15 29 0
1 0 0 6 0 0 10 0 0 14 0 0 15 0 0 15 16 1 15 16 1
10 0 0 14 0 0 15 0 0 15 19 0 15 16 1 15 25 1 15 25 1
15 19 0 15 22 0 15 23 0 15 26 0 15 30 0 5 31 1 5 31 1
15 23 0 15 26 0 15 30 0 1 31 1 5 31 1 12 31 1 12 31 1
3 0 0 7 0 0 11 0 0 14 0 0 15 18 0 15 26 0 15 26 0
15 19 1 15 22 1 15 25 1 15 26 1 15 29 1 5 31 2 5 31 2
15 25 1 15 26 1 15 29 1 2 31 2 5 31 2 9 31 2 9 31 2
2 31 1 6 31 1 10 31 1 14 31 1 15 25 1 15 30 1 15 30 1
15 31 1 15 19 1 15 23 1 15 30 1 0 31 2 8 31 2 8 31 2
15 23 0 15 27 0 15 31 0 5 31 1 9 31 1 15 16 1 15 16 1
6 0 0 10 0 0 14 0 0 15 18 0 15 22 0 15 30 0 15 30 0
14 0 0 15 18 0 15 22 0 15 26 0 15 30 0 8 31 2 8 31 2
15 22 0 15 26 0 15 30 0 4 31 2 8 31 2 15 16 2 15 16 2
2 31 2 6 31 2 10 31 2 14 31 2 15 31 2 15 23 2 15 23 2
3 0 0 7 0 0 10 0 0 14 0 0 15 17 0 15 24 0 15 24 0
7 31 1 11 31 1 15 31 1 15 19 1 15 30 1 4 31 2 4 31 2
15 19 1 15 23 1 15 30 1 1 31 2 5 31 2 12 31 2 12 31 2
3 31 2 7 31 2 10 31 2 11 31 2 14 31 2 15 22 2 15 22 2
10 31 2 11 31 2 14 31 2 15 18 2 15 22 2 15 26 2 15 26 2
15 19 1 15 23 1 15 26 1 15 30 1 1 31 2 8 31 2 8 31 2
0 31 1 2 31 1 4 31 1 7 31 1 11 31 1 15 17 2 15 17 2
4 31 1 7 31 1 11 31 1 12 31 2 15 17 2 15 26 2 15 26 2
5 31 2 9 31 2 13 31 2 15 17 2 15 21 2 15 29 2 15 29 2
3 31 2 7 31 2 11 31 2 15 31 2 15 19 2 15 27 2 15 27 2
1 31 1 5 31 1 14 31 1 15 18 1 15 22 1 15 30 1 15 30 1
7 31 2 10 31 2 14 31 2 15 17 2 15 21 2 15 28 2 15 28 2
5 31 1 9 31 1 13 31 1 15 17 1 15 21 1 15 29 1 15 29 1
15 23 1 1 31 2 4 31 2 8 31 2 12 31 2 15 20 2 15 20 2
11 0 0 15 19 0 15 26 0 1 31 1 5 31 1 9 31 1 9 31 1
15 26 0 1 31 1 5 31 1 6 31 1 9 31 1 12 31 1 12 31 1
5 31 1 6 31 1 9 31 1 10 31 1 12 31 1 15 16 2 15 16 2
9 31 1 10 31 1 12 31 1 15 31 1 15 16 2 15 25 2 15 25 2
7 31 1 11 31 1 15 31 1 15 19 1 15 22 1 15 30 1 15 30 1
2 31 1 3 31 1 6 31 1 10 31 1 13 31 1 15 24 1 15 24 1
1 31 2 5 31 2 6 31 2 9 31 2 10 31 2 14 31 2 14 31 2
6 31 2 9 31 2 10 31 2 13 31 2 14 31 2 15 18 2 15 18 2
10 31 2 13 31 2 14 31 2 15 17 2 15 18 2 15 25 2 15 25 2
15 31 1 1 31 2 5 31 2 9 31 2 12 31 2 15 20 2 15 20 2
1 0 0 2 0 0 5 0 0 6 0 0 10 0 0 15 18 0 15 18 0
5 0 0 6 0 0 10 0 0 14 0 0 15 18 0 15 23 0 15 23 0
10 0 0 14 0 0 15 18 0 15 22 0 15 23 0 15 31 0 15 31 0
2 31 1 6 31 1 10 31 1 14 31 1 15 18 1 15 26 1 15 26 1
15 0 0 15 22 0 15 25 0 15 29 0 1 31 1 8 31 1 8 31 1
2 31 2 6 31 2 10 31 2 13 31 2 15 17 2 15 24 2 15 24 2
1 31 2 2 31 2 10 31 2 14 31 2 15 18 2 15 31 2 15 31 2
15 31 0 3 31 1 7 31 1 10 31 1 13 31 1 15 17 1 15 17 1
7 31 1 10 31 1 13 31 1 14 31 1 15 17 1 15 24 1 15 24 1
3 31 1 7 31 1 11 31 1 15 31 1 15 19 1 15 27 1 15 27 1
11 31 1 15 31 1 15 19 1 15 23 1 15 27 1 15 16 2 15 16 2
1 31 1 5 31 1 9 31 1 13 31 1 15 17 1 15 25 1 15 25 1
3 0 0 6 0 0 7 0 0 10 0 0 14 0 0 15 24 0 15 24 0
3 0 0 7 0 0 14 0 0 15 18 0 15 21 0 15 29 0 15 29 0
2 31 1 7 31 1 8 31 2 13 31 2 15 18 2 15 23 2 15 23 2
1 31 2 6 31 2 10 31 2 14 31 2 15 19 2 15 27 2 15 27 2
3 0 0 7 0 0 11 0 0 15 0 0 15 19 0 15 27 0 15 27 0
1 0 0 5 0 0 9 0 0 13 0 0 15 17 0 15 25 0 15 25 0
3 31 2 7 31 2 11 31 2 15 31 2 15 19 2 15 27 2 15 27 2
2 31 2 5 31 2 9 31 2 13 31 2 15 21 2 15 28 2 15 28 2
1 31 2 5 31 2 9 31 2 15 17 2 15 20 2 15 28 2 15 28 2
3 31 1 7 31 1 4 31 2 8 31 2 9 31 2 14 31 2 14 31 2
4 31 2 8 31 2 9 31 2 13 31 2 14 31 2 15 19 2 15 19 2
2 31 1 6 31 1 10 31 1 13 31 1 15 17 1 15 24 1 15 24 1
2 0 0 3 0 0 6 0 0 11 0 0 15 0 0 15 16 1 15 16 1
6 0 0 11 0 0 15 0 0 12 31 1 15 16 1 15 24 1 15 24 1
3 31 1 8 31 2 12 31 2 15 31 2 15 16 2 15 20 2 15 20 2
12 31 2 15 31 2 15 16 2 15 19 2 15 20 2 15 28 2 15 28 2
3 31 1 4 31 2 9 31 2 13 31 2 15 18 2 15 27 2 15 27 2
1 0 0 2 0 0 3 0 0 6 0 0 11 0 0 15 16 1 15 16 1
3 0 0 6 0 0 11 0 0 15 0 0 15 16 1 15 24 1 15 24 1
3 31 1 7 31 1 11 31 1 15 31 1 15 16 2 15 29 2 15 29 2
4 0 0 8 0 0 13 0 0 15 17 0 15 22 0 15 31 0 15 31 0
0 31 1 5 31 1 10 31 1 14 31 1 15 31 1 15 20 2 15 20 2
3 0 0 6 0 0 9 0 0 10 0 0 12 0 0 15 16 0 15 16 0
0 31 1 4 31 1 8 31 1 12 31 1 15 16 1 15 24 1 15 24 1
0 31 1 4 31 1 9 31 1 13 31 1 15 17 1 15 30 1 15 30 1
7 0 0 4 31 1 8 31 1 15 17 1 15 21 1 15 29 1 15 29 1
2 31 2 6 31 2 13 31 2 15 17 2 15 21 2 15 28 2 15 28 2
6 31 2 10 31 2 15 17 2 15 21 2 15 24 2 15 28 2 15 28 2
3 31 1 4 31 2 8 31 2 13 31 2 15 17 2 15 26 2 15 26 2
15 0 0 15 19 0 15 22 0 15 26 0 15 29 0 8 31 1 8 31 1
3 31 2 6 31 2 10 31 2 14 31 2 15 17 2 15 24 2 15 24 2
0 0 0 4 0 0 8 0 0 12 0 0 15 16 0 15 24 0 15 24 0
11 31 1 15 31 1 15 19 1 15 22 1 15 23 1 15 29 1 15 29 1
15 19 1 15 22 1 15 23 1 15 26 1 15 29 1 0 31 2 0 31 2
15 23 1 15 26 1 15 29 1 15 30 1 0 31 2 4 31 2 4 31 2
3 31 2 7 31 2 11 31 2 15 31 2 15 19 2 15 27 2 15 27 2
0 31 1 4 31 1 9 31 1 13 31 1 15 18 1 15 27 1 15 27 1
2 0 0 5 0 0 6 0 0 9 0 0 13 0 0 15 20 0 15 20 0
0 0 0 4 0 0 12 0 0 13 0 0 15 16 0 15 21 0 15 21 0
12 0 0 13 0 0 15 16 0 15 17 0 15 21 0 15 30 0 15 30 0
1 0 0 6 0 0 10 0 0 14 0 0 15 19 0 15 27 0 15 27 0
15 19 1 15 22 1 15 26 1 15 30 1 1 31 2 8 31 2 8 31 2
3 0 0 7 0 0 10 0 0 14 0 0 15 18 0 15 21 0 15 21 0
10 0 0 14 0 0 15 18 0 15 19 0 15 21 0 15 25 0 15 25 0
3 0 0 7 0 0 11 0 0 15 18 0 15 22 0 15 30 0 15 30 0
2 0 0 6 0 0 9 0 0 13 0 0 15 17 0 15 28 0 15 28 0
15 0 0 15 19 0 15 26 0 1 31 1 4 31 1 8 31 1 8 31 1
3 0 0 4 31 1 8 31 1 12 31 1 15 16 1 15 24 1 15 24 1
0 0 0 4 0 0 8 0 0 9 0 0 13 0 0 15 22 0 15 22 0
4 0 0 8 0 0 12 0 0 15 16 0 15 20 0 15 28 0 15 28 0
3 0 0 7 0 0 11 0 0 8 31 1 12 31 1 15 20 1 15 20 1
11 31 1 15 31 1 15 18 1 15 22 1 15 25 1 1 31 2 1 31 2
3 0 0 6 0 0 10 0 0 15 17 0 15 21 0 15 28 0 15 28 0
15 22 0 15 23 0 15 25 0 15 26 0 15 28 0 13 31 1 13 31 1
15 25 0 15 26 0 15 28 0 11 31 1 13 31 1 15 16 1 15 16 1
15 28 0 11 31 1 13 31 1 14 31 1 15 16 1 3 31 2 3 31 2
13 31 1 14 31 1 15 16 1 2 31 2 3 31 2 5 31 2 5 31 2
2 0 0 6 0 0 10 0 0 15 0 0 15 19 0 1 31 1 1 31 1
10 0 0 15 0 0 15 19 0 15 23 0 1 31 1 9 31 1 9 31 1
15 19 0 15 23 0 1 31 1 5 31 1 9 31 1 15 28 1 15 28 1
3 31 1 7 31 1 13 31 1 15 17 1 15 18 1 0 31 2 0 31 2
13 31 1 15 17 1 15 18 1 15 23 1 0 31 2 4 31 2 4 31 2
15 18 1 15 23 1 0 31 2 1 31 2 4 31 2 6 31 2 6 31 2
0 31 2 1 31 2 4 31 2 5 31 2 6 31 2 9 31 2 9 31 2
4 31 2 5 31 2 6 31 2 8 31 2 9 31 2 11 31 2 11 31 2
6 31 2 8 31 2 9 31 2 10 31 2 11 31 2 15 31 2 15 31 2
9 31 2 10 31 2 11 31 2 14 31 2 15 31 2 15 20 2 15 20 2
15 16 0 15 17 0 15 22 0 15 23 0 15 20 1 15 26 1 15 26 1
15 22 0 15 23 0 15 20 1 15 21 1 15 26 1 15 24 2 15 24 2
15 20 1 15 21 1 15 26 1 15 27 1 15 24 2 15 26 2 15 26 2
15 31 0 5 31 1 9 31 1 12 31 1 13 31 1 15 20 1 15 20 1
2 31 2 6 31 2 11 31 2 15 31 2 15 19 2 15 27 2 15 27 2
3 0 0 7 0 0 8 31 1 12 31 1 15 17 1 15 26 1 15 26 1
0 0 0 5 0 0 10 0 0 15 0 0 15 17 0 15 22 0 15 22 0
10 0 0 15 0 0 15 17 0 15 19 0 15 22 0 15 16 1 15 16 1
15 17 0 15 19 0 15 22 0 15 23 0 15 16 1 15 24 1 15 24 1
15 22 0 15 23 0 15 16 1 15 20 1 15 24 1 15 28 1 15 28 1
15 16 1 15 20 1 15 24 1 15 25 1 15 28 1 14 31 2 14 31 2
0 31 2 4 31 2 8 31 2 13 31 2 15 21 2 15 29 2 15 29 2
6 0 0 10 0 0 15 0 0 15 19 0 15 23 0 15 28 1 15 28 1
1 31 1 5 31 1 10 31 1 14 31 1 15 23 1 15 28 2 15 28 2
6 31 2 10 31 2 13 31 2 15 17 2 15 21 2 15 28 2 15 28 2
0 0 0 4 0 0 8 0 0 13 0 0 15 17 0 15 30 0 15 30 0
0 31 2 4 31 2 8 31 2 12 31 2 15 16 2 15 24 2 15 24 2
1 0 0 8 0 0 12 0 0 15 17 0 15 22 0 15 27 0 15 27 0
12 0 0 15 17 0 15 22 0 15 23 0 15 27 0 5 31 2 5 31 2
0 31 1 1 31 1 5 31 1 6 31 1 10 31 1 15 19 1 15 19 1
5 31 1 6 31 1 10 31 1 15 31 1 15 19 1 15 20 2 15 20 2
10 31 1 15 31 1 15 19 1 15 16 2 15 20 2 15 25 2 15 25 2
2 31 1 6 31 1 10 31 1 14 31 1 15 17 1 15 22 1 15 22 1
10 31 1 14 31 1 15 17 1 15 18 1 15 22 1 15 30 1 15 30 1
1 0 0 5 0 0 9 0 0 13 0 0 15 17 0 15 25 0 15 25 0
15 31 0 11 31 1 15 31 1 15 19 1 15 22 1 15 26 1 15 26 1
15 31 1 15 19 1 15 22 1 15 23 1 15 26 1 0 31 2 0 31 2
1 0 0 2 0 0 6 0 0 7 0 0 11 0 0 12 31 1 12 31 1
6 0 0 7 0 0 11 0 0 8 31 1 12 31 1 15 18 1 15 18 1
11 0 0 8 31 1 12 31 1 13 31 1 15 18 1 15 24 2 15 24 2
12 31 1 13 31 1 15 18 1 15 23 1 15 24 2 15 29 2 15 29 2
3 31 1 0 31 2 4 31 2 9 31 2 13 31 2 15 18 2 15 18 2
5 0 0 9 0 0 13 0 0 15 17 0 15 21 0 15 29 0 15 29 0
11 31 1 15 31 1 4 31 2 8 31 2 12 31 2 15 20 2 15 20 2
4 31 2 8 31 2 12 31 2 15 16 2 15 20 2 15 28 2 15 28 2
0 0 0 4 0 0 8 0 0 12 0 0 15 16 0 15 24 0 15 24 0
7 0 0 8 31 1 12 31 1 15 17 1 15 21 1 15 26 1 15 26 1
4 0 0 8 0 0 12 0 0 13 0 0 15 17 0 15 26 0 15 26 0
12 0 0 13 0 0 15 17 0 15 22 0 15 26 0 15 31 0 15 31 0
15 31 1 15 19 1 15 23 1 15 27 1 0 31 2 8 31 2 8 31 2
3 0 0 7 0 0 11 0 0 14 0 0 15 18 0 15 29 0 15 29 0
5 31 1 9 31 1 13 31 1 15 17 1 15 21 1 15 28 1 15 28 1
3 0 0 7 0 0 8 31 1 13 31 1 15 17 1 15 26 1 15 26 1
1 0 0 6 0 0 11 0 0 15 0 0 15 16 1 15 25 1 15 25 1
2 31 1 11 31 1 15 31 1 15 18 1 15 19 1 15 27 1 15 27 1
15 0 0 15 18 0 15 19 0 15 21 0 15 22 0 15 25 0 15 25 0
15 19 0 15 21 0 15 22 0 15 24 0 15 25 0 6 31 1 6 31 1
15 22 0 15 24 0 15 25 0 3 31 1 6 31 1 12 31 1 12 31 1
3 31 1 0 31 2 4 31 2 5 31 2 9 31 2 15 31 2 15 31 2
2 0 0 6 0 0 10 0 0 14 0 0 15 18 0 15 26 0 15 26 0
0 31 1 5 31 1 9 31 1 13 31 1 15 18 1 15 31 1 15 31 1
0 31 2 4 31 2 8 31 2 12 31 2 15 16 2 15 24 2 15 24 2
3 31 1 10 31 1 14 31 1 15 18 1 15 22 1 15 30 1 15 30 1
2 0 0 7 0 0 8 31 1 13 31 1 15 17 1 15 22 1 15 22 1
8 31 1 13 31 1 15 17 1 15 18 1 15 22 1 15 27 1 15 27 1
15 17 1 15 18 1 15 22 1 15 23 1 15 27 1 15 28 2 15 28 2
3 0 0 7 0 0 0 31 1 4 31 1 8 31 1 13 31 1 13 31 1
0 31 1 4 31 1 8 31 1 12 31 1 13 31 1 15 17 1 15 17 1
8 31 1 12 31 1 13 31 1 15 16 1 15 17 1 15 25 1 15 25 1
13 31 1 15 16 1 15 17 1 15 21 1 15 25 1 15 30 1 15 30 1
2 31 1 6 31 1 13 31 1 15 17 1 15 21 1 15 25 1 15 25 1
2 0 0 2 0 0 5 0 0 6 0 0 9 0 0 13 0 0 13 0 0
5 0 0 6 0 0 9 0 0 12 0 0 13 0 0 15 20 0 15 20 0
15 23 0 15 27 0 15 30 0 15 31 0 15 16 1 15 18 1 15 18 1
4 31 1 8 31 1 13 31 1 15 17 1 15 22 1 15 30 1 15 30 1
0 0 0 5 0 0 9 0 0 13 0 0 15 17 0 15 25 0 15 25 0
15 23 1 15 26 1 15 29 1 15 30 1 3 31 2 6 31 2 6 31 2
15 29 1 15 30 1 3 31 2 5 31 2 6 31 2 12 31 2 12 31 2
3 31 2 5 31 2 6 31 2 9 31 2 12 31 2 15 16 2 15 16 2
15 19 1 15 23 1 15 27 1 15 30 1 15 31 1 1 31 2 1 31 2
15 27 1 15 30 1 15 31 1 0 31 2 1 31 2 6 31 2 6 31 2
15 31 1 0 31 2 1 31 2 4 31 2 6 31 2 15 17 2 15 17 2
1 31 2 4 31 2 6 31 2 13 31 2 15 17 2 15 24 2 15 24 2
6 31 2 13 31 2 15 17 2 15 20 2 15 24 2 15 31 2 15 31 2
15 27 0 15 29 0 15 30 0 14 31 1 15 31 1 15 18 1 15 18 1
15 30 0 14 31 1 15 31 1 15 17 1 15 18 1 5 31 2 5 31 2
1 31 2 5 31 2 9 31 2 12 31 2 13 31 2 15 21 2 15 21 2
15 23 1 15 27 1 15 30 1 2 31 2 5 31 2 9 31 2 9 31 2
15 30 1 2 31 2 5 31 2 6 31 2 9 31 2 15 16 2 15 16 2
7 0 0 11 0 0 15 0 0 12 31 1 15 16 1 15 24 1 15 24 1
2 0 0 6 0 0 15 0 0 15 19 0 15 23 0 15 28 1 15 28 1
15 23 1 15 27 1 15 30 1 2 31 2 5 31 2 10 31 2 10 31 2
15 30 1 2 31 2 5 31 2 9 31 2 10 31 2 14 31 2 14 31 2
10 31 2 14 31 2 15 18 2 15 22 2 15 26 2 15 31 2 15 31 2
0 0 0 1 0 0 5 0 0 10 0 0 14 0 0 15 23 0 15 23 0
5 0 0 10 0 0 14 0 0 15 19 0 15 23 0 15 24 1 15 24 1
15 23 1 15 27 1 15 30 1 3 31 2 6 31 2 13 31 2 13 31 2
15 23 0 15 27 0 15 31 0 5 31 1 9 31 1 15 16 1 15 16 1
2 0 0 11 0 0 15 0 0 15 19 0 15 16 1 15 24 1 15 24 1
4 0 0 8 0 0 13 0 0 15 18 0 15 23 0 15 24 1 15 24 1
7 0 0 11 0 0 14 0 0 15 18 0 15 21 0 15 25 0 15 25 0
14 0 0 15 18 0 15 21 0 15 24 0 15 25 0 0 31 1 0 31 1
3 31 1 7 31 1 11 31 1 15 31 1 15 19 1 15 27 1 15 27 1
3 31 1 4 31 2 8 31 2 13 31 2 15 18 2 15 27 2 15 27 2
15 0 0 15 19 0 15 22 0 15 26 0 15 30 0 4 31 1 4 31 1
3 31 1 6 31 1 7 31 1 10 31 1 14 31 1 15 21 1 15 21 1
7 31 1 10 31 1 14 31 1 15 17 1 15 21 1 15 28 1 15 28 1
4 0 0 8 0 0 12 0 0 13 0 0 15 16 0 15 25 0 15 25 0
1 31 1 5 31 1 9 31 1 13 31 1 13 31 1 15 18 1 15 18 1
9 31 1 13 31 1 13 31 1 15 17 1 15 18 1 15 30 1 15 30 1
3 0 0 7 0 0 11 0 0 15 0 0 15 19 0 15 27 0 15 27 0
15 27 1 2 31 2 6 31 2 9 31 2 13 31 2 15 20 2 15 20 2
0 0 0 4 0 0 7 0 0 10 0 0 11 0 0 15 17 0 15 17 0
7 0 0 10 0 0 11 0 0 14 0 0 15 17 0 15 24 0 15 24 0
1 31 1 5 31 1 9 31 1 13 31 1 15 17 1 15 25 1 15 25 1
15 23 1 15 26 1 15 28 1 15 29 1 10 31 2 14 31 2 14 31 2
15 28 1 15 29 1 10 31 2 11 31 2 14 31 2 15 16 2 15 16 2
10 31 2 11 31 2 14 31 2 15 31 2 15 16 2 15 20 2 15 20 2
3 0 0 6 0 0 7 0 0 10 0 0 11 0 0 15 0 0 15 0 0
7 0 0 10 0 0 11 0 0 14 0 0 15 0 0 15 27 0 15 27 0
11 0 0 14 0 0 15 0 0 15 23 0 15 27 0 14 31 1 14 31 1
2 31 1 3 31 1 7 31 1 11 31 1 15 31 1 15 24 2 15 24 2
2 31 1 6 31 1 10 31 1 14 31 1 15 18 1 15 26 1 15 26 1
2 31 1 3 31 1 6 31 1 10 31 1 13 31 1 15 21 1 15 21 1
7 31 1 11 31 1 15 31 1 15 18 1 15 22 1 15 29 1 15 29 1
0 31 2 4 31 2 8 31 2 12 31 2 15 16 2 15 24 2 15 24 2
1 31 2 5 31 2 9 31 2 13 31 2 15 17 2 15 24 2 15 24 2
15 0 0 15 19 0 15 23 0 15 27 0 15 31 0 11 31 1 11 31 1
15 23 0 15 27 0 15 31 0 7 31 1 11 31 1 15 20 2 15 20 2
15 31 0 7 31 1 11 31 1 15 16 2 15 20 2 15 29 2 15 29 2
1 31 1 5 31 1 9 31 1 15 16 1 15 20 1 15 28 1 15 28 1
3 31 2 7 31 2 11 31 2 15 31 2 15 19 2 15 27 2 15 27 2
1 31 1 6 31 1 10 31 1 15 31 1 15 19 1 15 20 2 15 20 2
10 31 1 15 31 1 15 19 1 15 16 2 15 20 2 15 29 2 15 29 2
1 31 2 5 31 2 9 31 2 14 31 2 15 18 2 15 27 2 15 27 2
3 31 1 7 31 1 11 31 1 15 31 1 15 19 1 15 27 1 15 27 1
3 31 1 7 31 1 11 31 1 12 31 2 15 16 2 15 25 2 15 25 2
2 31 2 6 31 2 10 31 2 14 31 2 15 18 2 15 26 2 15 26 2
15 23 1 15 27 1 1 31 2 5 31 2 9 31 2 15 16 2 15 16 2
3 0 0 7 0 0 11 0 0 15 0 0 15 19 0 15 27 0 15 27 0
2 0 0 6 0 0 10 0 0 14 0 0 15 23 0 15 31 0 15 31 0
10 0 0 14 0 0 15 23 0 15 27 0 15 31 0 15 18 2 15 18 2
3 31 2 10 31 2 11 31 2 14 31 2 15 31 2 15 21 2 15 21 2
11 31 2 14 31 2 15 31 2 15 19 2 15 21 2 15 25 2 15 25 2
15 31 2 15 19 2 15 21 2 15 22 2 15 25 2 15 29 2 15 29 2
15 23 0 15 27 0 15 31 0 1 31 1 5 31 1 15 16 1 15 16 1
15 31 1 15 19 1 15 22 1 15 26 1 15 29 1 4 31 2 4 31 2
15 27 1 15 31 1 7 31 2 11 31 2 14 31 2 15 21 2 15 21 2
1 0 0 5 0 0 6 0 0 10 0 0 15 0 0 15 20 1 15 20 1
6 0 0 10 0 0 15 0 0 15 19 0 15 20 1 15 29 1 15 29 1
2 0 0 6 0 0 10 0 0 14 0 0 15 18 0 15 26 0 15 26 0
7 31 2 11 31 2 14 31 2 15 18 2 15 21 2 15 28 2 15 28 2
15 31 1 15 19 1 15 22 1 15 26 1 15 29 1 8 31 2 8 31 2
0 0 0 4 0 0 8 0 0 12 0 0 15 16 0 15 24 0 15 24 0
15 0 0 15 19 0 15 23 0 15 27 0 15 31 0 10 31 1 10 31 1
15 23 0 15 27 0 15 31 0 6 31 1 10 31 1 15 21 1 15 21 1
15 31 0 6 31 1 10 31 1 14 31 1 15 21 1 15 29 1 15 29 1
15 19 1 15 23 1 15 27 1 15 31 1 12 31 2 15 20 2 15 20 2
0 0 0 5 0 0 9 0 0 13 0 0 15 18 0 15 26 0 15 26 0
9 0 0 13 0 0 15 18 0 15 22 0 15 26 0 15 31 0 15 31 0
15 19 1 15 23 1 15 27 1 0 31 2 1 31 2 8 31 2 8 31 2
0 0 0 5 0 0 9 0 0 13 0 0 15 18 0 15 26 0 15 26 0
3 0 0 1 31 2 5 31 2 9 31 2 13 31 2 15 26 2 15 26 2
1 0 0 5 0 0 9 0 0 13 0 0 15 17 0 15 25 0 15 25 0
3 0 0 0 31 1 4 31 1 5 31 1 9 31 1 15 19 1 15 19 1
4 31 1 5 31 1 9 31 1 14 31 1 15 19 1 15 24 2 15 24 2
9 31 1 14 31 1 15 19 1 15 20 2 15 24 2 15 29 2 15 29 2
2 0 0 6 0 0 10 0 0 14 0 0 15 18 0 15 31 0 15 31 0
0 0 0 9 0 0 14 0 0 15 18 0 15 23 0 15 28 1 15 28 1
13 0 0 14 0 0 15 0 0 15 16 0 15 20 0 10 31 2 10 31 2
15 0 0 15 16 0 15 20 0 6 31 2 10 31 2 14 31 2 14 31 2
15 20 0 6 31 2 10 31 2 12 31 2 14 31 2 15 16 2 15 16 2
10 31 2 12 31 2 14 31 2 15 31 2 15 16 2 15 18 2 15 18 2
14 31 2 15 31 2 15 16 2 15 17 2 15 18 2 15 22 2 15 22 2
15 16 2 15 17 2 15 18 2 15 21 2 15 22 2 15 27 2 15 27 2
0 31 2 4 31 2 8 31 2 12 31 2 15 16 2 15 24 2 15 24 2
2 0 0 6 0 0 15 0 0 15 19 0 15 16 1 15 24 1 15 24 1
15 0 0 15 18 0 15 19 0 15 20 0 15 21 0 15 28 0 15 28 0
15 19 0 15 20 0 15 21 0 15 24 0 15 28 0 6 31 1 6 31 1
15 21 0 15 24 0 15 28 0 3 31 1 6 31 1 9 31 1 9 31 1
15 28 0 3 31 1 6 31 1 7 31 1 9 31 1 13 31 1 13 31 1
1 31 1 2 31 1 5 31 1 6 31 1 10 31 1 15 18 1 15 18 1
5 31 1 6 31 1 10 31 1 14 31 1 15 18 1 15 27 1 15 27 1
1 31 2 5 31 2 9 31 2 13 31 2 15 17 2 15 25 2 15 25 2
15 31 1 15 19 1 15 23 1 9 31 2 10 31 2 13 31 2 13 31 2
