0.890035 4 18 0 7 18 1 11 19 2
1.89012 12 20 0 11 19 1 10 17 2
2.89004 7 31 0 14 31 1 8 31 2
2.8901 2 24 0 6 22 1 9 20 2
6.89001 4 19 0 3 17 1 2 17 2
6.89006 7 26 0 7 27 1 8 28 2
6.89009 14 22 0 8 22 1 3 23 2
8.89013 8 26 0 8 22 1 8 18 2
9.89004 8 21 0 3 25 1 0 31 2
9.89004 13 29 0 11 30 1 8 31 2
9.89013 4 24 0 2 26 1 0 28 2
10.8901 15 23 0 15 24 1 14 20 2
12.89 11 20 0 6 21 1 1 21 2
13.8901 13 27 0 13 27 1 13 28 2
16.8901 8 18 0 9 20 1 10 22 2
17.8901 10 28 0 8 27 1 5 26 2
18.89 10 17 0 6 17 1 0 17 2
18.8901 6 18 0 4 23 1 3 28 2
18.8901 6 30 0 3 28 1 0 27 2
22.89 6 31 0 8 29 1 10 27 2
22.8901 5 29 0 7 28 1 9 27 2
25.89 12 20 0 10 23 1 7 27 2
27.8901 1 18 0 8 21 1 11 22 2
27.8901 1 17 0 3 17 1 5 17 2
28.8901 12 23 0 8 22 1 5 22 2
29.89 10 19 0 11 19 1 11 20 2
29.8901 8 26 0 12 24 1 15 22 2
30.8901 8 22 0 15 20 1 13 21 2
30.8901 1 24 0 5 22 1 10 22 2
33.89 11 22 0 9 21 1 7 20 2
33.8901 14 21 0 11 20 1 7 21 2
35.89 5 31 0 2 26 1 0 26 2
35.8901 11 20 0 11 19 1 12 18 2
37.89 9 27 0 7 23 1 5 20 2
40.89 3 30 0 7 25 1 8 23 2
40.8901 3 19 0 13 19 1 14 20 2
41.8901 1 27 0 2 25 1 3 24 2
42.89 11 26 0 12 25 1 13 23 2
43.89 7 19 0 9 18 1 11 16 2
43.8901 15 25 0 10 23 1 4 22 2
44.8901 14 26 0 14 26 1 15 27 2
45.89 4 18 0 5 16 1 5 16 2
46.89 4 27 0 4 26 1 6 23 2
46.8901 6 31 0 7 31 1 8 30 2
48.8901 4 20 0 4 20 1 4 21 2
48.8901 12 25 0 11 26 1 9 26 2
49.8901 7 25 0 7 25 1 4 22 2
52.8901 11 21 0 11 21 1 7 22 2
53.8901 3 23 0 3 23 1 2 23 2
54.89 8 29 0 3 29 1 13 29 2
54.8901 12 23 0 12 25 1 12 27 2
57.89 5 22 0 9 25 1 14 28 2
57.8901 4 28 0 4 26 1 4 24 2
57.8901 5 25 0 5 26 1 6 28 2
58.89 2 29 0 6 30 1 10 30 2
62.8901 7 30 0 8 31 1 8 31 2
64.89 5 21 0 11 18 1 10 16 2
65.8901 10 29 0 8 27 1 7 26 2
65.8901 6 26 0 7 27 1 8 28 2
66.8901 10 31 0 4 28 1 0 27 2
67.8901 14 24 0 15 27 1 15 31 2
67.8901 15 20 0 10 19 1 4 19 2
67.8901 5 26 0 6 24 1 7 23 2
69.8901 13 28 0 14 29 1 15 29 2
69.8901 8 26 0 2 28 1 4 28 2
70.89 11 30 0 14 30 1 14 29 2
70.8901 12 24 0 13 25 1 15 26 2
70.8901 3 29 0 3 19 1 1 22 2
70.8901 8 20 0 8 25 1 7 31 2
70.8901 8 31 0 12 26 1 15 23 2
73.8901 13 16 0 9 18 1 5 21 2
75.89 2 22 0 5 20 1 7 20 2
76.8901 1 23 0 6 21 1 10 19 2
77.8901 13 19 0 10 18 1 8 18 2
78.89 6 17 0 11 22 1 15 28 2
78.8901 3 25 0 5 24 1 7 23 2
78.8901 7 16 0 6 26 1 4 16 2
78.8901 13 19 0 14 18 1 15 17 2
81.8901 9 29 0 13 25 1 15 24 2
81.8901 12 31 0 15 26 1 15 23 2
81.8901 8 21 0 10 21 1 12 21 2
82.89 14 17 0 12 18 1 10 18 2
82.8901 10 20 0 9 20 1 8 20 2
83.89 12 24 0 1 31 1 0 18 2
83.89 11 30 0 11 29 1 12 27 2
85.8901 7 26 0 5 27 1 3 29 2
85.8901 3 20 0 6 20 1 10 21 2
86.8901 9 16 0 11 26 1 4 23 2
86.8901 4 31 0 3 25 1 3 22 2
92.89 1 19 0 7 18 1 15 17 2
93.8901 2 21 0 5 21 1 9 21 2
96.8901 11 31 0 4 24 1 6 26 2
96.8901 14 20 0 13 18 1 12 16 2
97.89 3 23 0 9 25 1 14 26 2
98.89 2 24 0 3 23 1 4 23 2
99.89 10 19 0 6 22 1 3 24 2
101.89 11 30 0 11 26 1 10 23 2
102.89 13 30 0 11 30 1 9 31 2
102.89 7 22 0 6 20 1 6 18 2
103.89 9 27 0 11 29 1 13 31 2
103.89 2 20 0 1 21 1 1 23 2
107.89 7 19 0 6 17 1 4 16 2
107.89 9 24 0 7 26 1 6 29 2
108.89 9 30 0 10 30 1 10 28 2
110.89 11 23 0 11 20 1 11 19 2
110.89 6 24 0 9 22 1 12 21 2
110.89 12 19 0 10 20 1 8 21 2
112.89 12 30 0 8 31 1 4 31 2
114.89 2 27 0 7 27 1 12 27 2
115.89 1 20 0 13 22 1 5 19 2
118.89 5 19 0 8 17 1 10 16 2
118.89 13 18 0 13 19 1 13 21 2
122.89 6 19 0 5 22 1 4 26 2
123.89 1 21 0 4 21 1 8 20 2
123.89 7 30 0 10 29 1 12 29 2
125.89 3 20 0 6 21 1 11 22 2
128.89 1 24 0 6 24 1 11 24 2
128.89 10 21 0 10 18 1 9 16 2
129.89 8 22 0 7 26 1 5 27 2
129.89 15 23 0 15 27 1 15 31 2
129.89 10 20 0 5 26 1 1 31 2
131.89 6 29 0 4 26 1 2 24 2
132.89 13 19 0 12 19 1 11 19 2
134.89 1 27 0 2 26 1 4 24 2
135.89 11 17 0 12 17 1 13 19 2
135.89 14 22 0 13 22 1 11 23 2
136.89 10 25 0 12 21 1 15 18 2
136.89 13 28 0 13 29 1 12 30 2
136.89 10 26 0 13 27 1 15 28 2
138.89 11 26 0 8 26 1 4 27 2
141.89 2 25 0 5 23 1 9 22 2
141.89 10 26 0 6 23 1 3 20 2
142.89 4 22 0 8 20 1 13 18 2
143.89 9 25 0 6 27 1 2 30 2
143.89 3 18 0 1 24 1 0 31 2
144.89 10 24 0 8 27 1 7 30 2
144.89 4 31 0 6 30 1 8 29 2
146.89 14 18 0 7 21 1 1 23 2
148.89 15 30 0 12 30 1 10 29 2
148.89 14 17 0 15 19 1 15 20 2
148.89 5 27 0 9 26 1 13 20 2
149.89 14 19 0 12 21 1 10 23 2
151.89 5 31 0 7 25 1 9 20 2
152.89 6 28 0 9 29 1 13 31 2
153.89 2 29 0 3 27 1 3 26 2
154.89 11 27 0 9 27 1 11 26 2
154.89 5 30 0 3 29 1 2 28 2
154.89 14 27 0 14 27 1 13 27 2
154.89 10 26 0 7 25 1 3 28 2
157.89 9 27 0 14 29 1 9 30 2
157.89 11 20 0 9 23 1 7 26 2
158.89 1 18 0 5 28 1 9 28 2
158.89 13 17 0 12 17 1 10 17 2
158.89 13 21 0 12 22 1 11 24 2
165.89 13 24 0 13 19 1 12 20 2
165.89 10 28 0 13 28 1 4 27 2
166.89 4 18 0 3 18 1 3 20 2
166.89 5 17 0 7 20 1 10 24 2
167.89 15 20 0 12 21 1 8 22 2
168.89 8 18 0 9 20 1 11 22 2
169.89 1 21 0 2 26 1 3 31 2
170.89 10 20 0 11 23 1 13 26 2
171.89 10 21 0 8 23 1 6 26 2
171.89 5 20 0 5 21 1 6 21 2
177.89 13 18 0 11 16 1 8 16 2
177.89 10 28 0 10 25 1 10 22 2
177.89 7 20 0 9 18 1 11 17 2
178.89 5 18 0 8 19 1 11 20 2
178.89 12 26 0 11 24 1 10 22 2
178.89 10 19 0 8 20 1 7 21 2
179.89 1 27 0 3 4 1 7 24 2
179.89 7 29 0 8 24 1 8 21 2
180.89 2 20 0 3 18 1 6 18 2
180.89 10 16 0 11 17 1 12 23 2
184.89 2 19 0 3 20 1 4 21 2
184.89 14 25 0 13 26 1 13 27 2
184.89 4 25 0 3 24 1 2 23 2
186.89 5 31 0 6 30 1 7 28 2
186.89 4 30 0 5 28 1 5 28 2
186.89 5 27 0 12 29 1 3 23 2
187.89 14 22 0 13 22 1 11 22 2
188.89 12 31 0 12 28 1 12 26 2
188.89 5 16 0 9 17 1 14 18 2
189.89 1 26 0 4 16 1 6 22 2
190.89 8 21 0 5 19 1 1 18 2
194.89 1 16 0 5 19 1 11 23 2
195.89 6 26 0 7 27 1 7 30 2
200.89 9 24 0 11 26 1 12 28 2
201.89 15 16 0 14 22 1 13 29 2
201.89 2 23 0 4 20 1 5 17 2
202.89 10 23 0 6 21 1 3 22 2
204.89 11 18 0 13 17 1 12 17 2
206.89 10 27 0 9 23 1 9 20 2
207.89 1 17 0 4 19 1 7 22 2
208.89 13 21 0 11 24 1 9 27 2
209.89 1 29 0 4 25 1 7 22 2
210.89 11 23 0 13 25 1 14 27 2
210.89 6 31 0 7 30 1 8 29 2
217.89 6 28 0 7 25 1 8 22 2
217.89 6 29 0 3 28 1 2 30 2
218.89 2 16 0 6 17 1 11 19 2
221.89 7 30 0 6 30 1 3 31 2
221.89 8 25 0 7 24 1 6 24 2
222.89 9 28 0 9 25 1 9 24 2
223.89 14 21 0 11 18 1 8 16 2
223.89 7 31 0 4 30 1 2 29 2
223.89 10 25 0 13 21 1 14 20 2
223.89 12 20 0 13 18 1 14 16 2
224.89 14 23 0 11 25 1 8 28 2
224.89 12 26 0 8 26 1 4 27 2
226.89 4 21 0 8 18 1 11 16 2
226.89 11 31 0 11 24 1 11 17 2
228.89 3 31 0 5 28 1 7 26 2
228.89 11 26 0 7 25 1 4 24 2
229.89 2 23 0 3 25 1 4 27 2
230.89 9 17 0 11 18 1 13 19 2
231.89 3 30 0 3 29 1 3 28 2
232.89 12 31 0 11 31 1 11 30 2
233.89 10 20 0 12 24 1 14 28 2
233.89 6 29 0 4 29 1 3 28 2
235.89 5 17 0 5 17 1 5 17 2
239.89 2 27 0 1 26 1 0 26 2
240.89 7 27 0 8 29 1 7 31 2
240.89 1 25 0 2 22 1 3 21 2
241.89 7 24 0 8 23 1 9 23 2
242.89 15 18 0 15 21 1 15 24 2
243.89 3 26 0 8 21 1 13 16 2
244.89 5 20 0 11 20 1 14 20 2
244.89 6 21 0 7 25 1 8 29 2
245.89 10 24 0 12 27 1 13 30 2
247.89 1 27 0 2 22 1 3 19 2
248.89 13 27 0 12 27 1 10 28 2
249.89 3 17 0 4 21 1 5 26 2
250.89 10 24 0 10 22 1 9 21 2
252.89 10 31 0 8 27 1 6 22 2
255.89 10 16 0 12 18 1 14 21 2
256.89 11 31 0 13 29 1 14 27 2
256.89 4 25 0 3 24 1 2 23 2
257.89 10 26 0 11 26 1 9 23 2
258.89 3 19 0 4 20 1 5 22 2
258.89 11 25 0 10 23 1 9 21 2
259.89 14 19 0 15 21 1 15 24 2
260.89 5 26 0 8 26 1 13 26 2
260.89 8 16 0 9 19 1 11 23 2
263.89 15 25 0 14 20 1 14 16 2
265.89 12 28 0 11 29 1 10 31 2
267.89 11 22 0 8 22 1 4 22 2
269.89 10 17 0 12 17 1 13 18 2
270.89 15 28 0 11 28 1 7 28 2
272.89 3 27 0 7 25 1 10 23 2
272.89 7 9 0 2 19 1 6 20 2
273.89 6 31 0 8 26 1 10 21 2
276.89 9 29 0 12 27 1 2 26 2
278.89 3 29 0 4 30 1 7 26 2
280.89 5 20 0 4 21 1 2 23 2
280.89 9 18 0 6 17 1 4 16 2
280.89 10 28 0 10 30 1 9 28 2
280.89 10 22 0 9 26 1 7 22 2
280.89 3 18 0 5 23 1 7 28 2
281.89 6 19 0 4 17 1 2 16 2
283.89 13 28 0 13 31 1 13 30 2
285.89 15 17 0 8 22 1 1 27 2
289.89 7 31 0 9 31 1 12 31 2
289.89 13 19 0 13 24 1 12 29 2
290.89 3 17 0 2 17 1 1 18 2
290.89 13 22 0 14 26 1 15 31 2
291.89 11 22 0 13 22 1 15 23 2
292.89 11 18 0 7 18 1 2 18 2
292.89 9 18 0 11 20 1 13 23 2
299.89 8 24 0 5 25 1 1 27 2
300.89 13 24 0 14 24 1 15 24 2
301.89 3 25 0 2 23 1 2 27 2
302.89 3 17 0 6 20 1 11 23 2
303.89 14 17 0 11 22 1 13 28 2
303.89 7 25 0 11 23 1 14 22 2
306.89 11 20 0 12 19 1 13 18 2
309.89 13 23 0 7 25 1 0 27 2
310.89 10 21 0 9 20 1 7 20 2
310.89 5 19 0 6 22 1 8 24 2
310.89 9 30 0 5 31 1 2 24 2
313.89 14 28 0 10 25 1 5 19 2
314.89 8 30 0 5 21 1 2 20 2
314.89 6 25 0 4 25 1 3 26 2
315.89 11 31 0 10 31 1 9 30 2
315.89 3 23 0 5 23 1 8 23 2
315.89 5 27 0 5 25 1 6 24 2
316.89 15 24 0 14 24 1 13 24 2
317.89 1 19 0 4 21 1 7 24 2
319.89 11 20 0 13 21 1 15 23 2
320.89 12 26 0 13 22 1 13 20 2
320.89 8 28 0 5 22 1 3 16 2
321.89 2 18 0 2 20 1 1 22 2
322.89 13 25 0 11 24 1 9 24 2
322.89 6 25 0 9 23 1 11 22 2
323.89 8 28 0 1 21 1 8 27 2
323.89 7 29 0 10 29 1 13 30 2
324.89 12 18 0 9 17 1 6 16 2
324.89 10 30 0 11 28 1 11 27 2
325.89 7 20 0 11 24 1 14 28 2
325.89 7 22 0 8 19 1 9 16 2
325.89 11 20 0 8 19 1 5 18 2
325.89 15 26 0 13 23 1 12 31 2
327.89 11 25 0 12 26 1 13 27 2
327.89 11 17 0 9 16 1 8 16 2
332.89 6 16 0 3 21 1 1 26 2
332.89 1 19 0 0 19 1 0 20 2
333.89 9 19 0 8 18 1 7 18 2
334.89 9 19 0 8 20 1 6 21 2
335.89 10 24 0 9 27 1 8 31 2
335.89 11 17 0 10 18 1 13 24 2
335.89 11 24 0 8 26 1 4 29 2
336.89 3 22 0 5 22 1 8 23 2
337.89 8 22 0 9 22 1 10 24 2
339.89 2 20 0 5 18 1 8 17 2
339.89 12 19 0 8 21 1 5 23 2
339.89 7 16 0 7 18 1 7 22 2
339.89 8 26 0 12 23 1 15 21 2
340.89 8 24 0 7 20 1 7 18 2
342.89 15 20 0 13 23 1 12 23 2
343.89 3 19 0 2 20 1 0 22 2
344.89 4 25 0 7 28 1 9 31 2
345.89 13 24 0 7 22 1 1 19 2
346.89 14 26 0 10 27 1 5 29 2
347.89 13 17 0 10 18 1 6 21 2
348.89 8 28 0 7 25 1 7 23 2
348.89 13 29 0 11 28 1 9 27 2
348.89 1 21 0 2 19 1 3 18 2
351.89 11 26 0 11 27 1 11 29 2
352.89 11 28 0 5 30 1 0 30 2
352.89 15 17 0 14 17 1 13 19 2
353.89 15 20 0 15 18 1 15 16 2
353.89 11 19 0 9 24 1 9 29 2
354.89 12 16 0 11 16 1 9 18 2
356.89 7 29 0 5 30 1 3 31 2
359.89 12 22 0 11 22 1 9 23 2
361.89 7 27 0 7 24 1 0 21 2
361.89 10 31 0 8 30 1 5 28 2
362.89 4 17 0 5 16 1 5 16 2
362.89 10 16 0 11 16 1 13 16 2
363.89 3 16 0 3 17 1 4 18 2
365.89 10 27 0 8 25 1 7 24 2
367.89 13 31 0 8 30 1 4 29 2
367.89 15 18 0 12 23 1 9 28 2
368.89 8 17 0 7 21 1 7 26 2
368.89 12 25 0 15 16 1 5 19 2
368.89 13 29 0 13 28 1 13 28 2
369.89 6 28 0 7 28 1 7 27 2
371.89 5 24 0 4 24 1 3 27 2
372.89 4 29 0 5 26 1 7 27 2
372.89 8 28 0 10 28 1 12 27 2
372.89 4 30 0 5 27 1 5 24 2
374.89 2 25 0 2 21 1 4 29 2
375.89 13 27 0 13 25 1 14 24 2
377.89 3 20 0 2 26 1 2 28 2
377.89 3 23 0 2 20 1 1 18 2
378.89 14 29 0 11 24 1 8 20 2
379.89 12 18 0 12 20 1 12 22 2
379.89 10 21 0 13 21 1 15 21 2
381.89 7 28 0 9 27 1 10 28 2
381.89 15 20 0 15 17 1 13 16 2
381.89 6 23 0 4 23 1 2 24 2
381.89 6 24 0 11 21 1 13 20 2
382.89 13 27 0 4 29 1 9 31 2
384.89 10 23 0 12 23 1 15 24 2
386.89 3 26 0 3 20 1 2 19 2
387.89 2 19 0 5 25 1 8 31 2
392.89 15 31 0 15 29 1 15 28 2
394.89 3 17 0 3 17 1 3 18 2
396.89 14 18 0 11 23 1 8 27 2
397.89 5 30 0 8 30 1 10 31 2
398.89 5 18 0 5 18 1 6 20 2
399.89 11 20 0 10 22 1 9 19 2
400.89 3 23 0 6 23 1 9 24 2
401.89 12 17 0 13 18 1 13 19 2
403.89 6 21 0 11 23 1 15 26 2
403.89 10 21 0 10 21 1 10 21 2
404.89 13 17 0 9 18 1 4 19 2
405.89 12 22 0 12 21 1 13 20 2
406.89 10 16 0 10 22 1 10 24 2
406.89 8 29 0 7 25 1 8 21 2
407.89 1 31 0 4 14 1 8 31 2
407.89 1 29 0 2 23 1 3 17 2
407.89 6 31 0 6 25 1 3 28 2
410.89 12 24 0 14 26 1 15 27 2
410.89 11 19 0 12 25 1 13 31 2
410.89 2 21 0 3 20 1 1 21 2
411.89 10 27 0 10 25 1 11 24 2
413.89 15 21 0 13 23 1 12 24 2
414.89 4 28 0 10 28 1 15 28 2
414.89 10 29 0 7 30 1 4 31 2
416.89 15 28 0 14 24 1 13 19 2
418.89 10 25 0 9 28 1 8 31 2
418.89 8 18 0 10 18 1 11 19 2
419.89 8 22 0 11 23 1 13 24 2
419.89 10 17 0 13 17 1 15 16 2
421.89 1 23 0 2 23 1 2 23 2
421.89 5 31 0 6 26 1 7 21 2
421.89 2 31 0 3 26 1 5 24 2
421.89 8 31 0 5 22 1 0 28 2
421.89 5 18 0 7 18 1 10 18 2
424.89 15 16 0 2 17 1 6 19 2
426.89 5 21 0 3 22 1 0 23 2
427.89 6 29 0 8 26 1 10 23 2
428.89 9 31 0 8 26 1 7 20 2
430.89 6 25 0 8 21 1 9 17 2
431.89 15 28 0 8 25 1 2 21 2
431.89 14 22 0 13 24 1 12 23 2
432.89 14 22 0 14 29 1 14 21 2
434.89 8 25 0 7 27 1 6 29 2
435.89 1 24 0 3 20 1 4 17 2
436.89 14 20 0 13 22 1 13 23 2
437.89 10 29 0 13 27 1 15 26 2
437.89 8 22 0 10 25 1 11 29 2
441.89 3 25 0 2 24 1 1 24 2
441.89 12 31 0 9 27 1 6 23 2
441.89 9 19 0 5 18 1 2 16 2
443.89 10 22 0 9 24 1 9 27 2
447.89 8 16 0 4 23 1 0 28 2
448.89 5 28 0 7 25 1 10 20 2
448.89 13 29 0 7 28 1 2 27 2
448.89 14 19 0 3 22 1 7 15 2
449.89 10 25 0 12 26 1 14 31 2
450.89 11 29 0 8 25 1 4 21 2
450.89 4 25 0 3 16 1 1 24 2
451.89 5 26 0 9 24 1 12 22 2
451.89 13 22 0 12 23 1 12 24 2
453.89 2 28 0 6 25 1 7 23 2
453.89 15 25 0 15 23 1 15 22 2
454.89 3 27 0 4 28 1 6 30 2
456.89 6 18 0 6 20 1 6 22 2
456.89 4 21 0 6 19 1 7 18 2
460.89 2 20 0 4 19 1 3 18 2
461.89 6 25 0 8 20 1 9 17 2
462.89 2 22 0 8 21 1 12 20 2
465.89 9 24 0 8 23 1 9 23 2
467.89 2 18 0 2 21 1 0 24 2
467.89 4 25 0 7 21 1 9 24 2
468.89 3 21 0 3 23 1 2 26 2
471.89 14 24 0 10 28 1 7 31 2
472.89 1 24 0 3 25 1 6 26 2
473.89 5 27 0 6 26 1 7 26 2
474.89 4 31 0 5 31 1 6 31 2
475.89 6 22 0 5 21 1 5 22 2
476.89 13 23 0 13 21 1 13 20 2
476.89 2 19 0 2 17 1 2 16 2
476.89 14 19 0 14 21 1 14 23 2
477.89 11 24 0 12 23 1 12 22 2
477.89 8 22 0 7 20 1 5 18 2
477.89 6 27 0 8 23 1 10 19 2
477.89 3 16 0 3 25 1 1 27 2
478.89 9 22 0 11 23 1 12 26 2
479.89 9 28 0 11 25 1 12 23 2
479.89 6 18 0 6 17 1 6 21 2
480.89 3 26 0 7 22 1 13 19 2
480.89 11 18 0 15 20 1 11 24 2
481.89 11 22 0 5 22 1 15 24 2
481.89 7 30 0 6 31 1 4 31 2
481.89 8 25 0 9 26 1 9 26 2
481.89 6 19 0 1 31 1 5 24 2
481.89 4 21 0 7 24 1 3 28 2
485.89 3 24 0 6 27 1 9 29 2
485.89 8 18 0 5 18 1 2 19 2
485.89 7 16 0 4 19 1 2 24 2
486.89 2 17 0 3 22 1 5 27 2
487.89 1 28 0 3 29 1 5 30 2
487.89 7 26 0 4 22 1 1 18 2
488.89 9 23 0 5 27 1 13 31 2
488.89 3 17 0 3 18 1 2 20 2
488.89 3 17 0 1 20 1 2 19 2
489.89 4 20 0 5 16 1 7 17 2
490.89 15 17 0 14 18 1 12 20 2
490.89 13 22 0 13 21 1 12 21 2
490.89 2 22 0 10 18 1 4 16 2
491.89 12 18 0 10 20 1 9 23 2
492.89 9 28 0 10 28 1 12 29 2
495.89 13 18 0 10 19 1 7 21 2
496.89 12 20 0 12 21 1 11 22 2
497.89 1 26 0 1 27 1 1 29 2
497.89 11 28 0 12 24 1 14 20 2
497.89 8 25 0 8 27 1 7 28 2
500.89 10 23 0 9 26 1 8 29 2
501.89 4 23 0 4 31 1 5 28 2
502.89 5 31 0 8 26 1 12 21 2
503.89 4 25 0 2 21 1 1 16 2
504.89 5 28 0 5 27 1 5 27 2
505.89 6 21 0 4 22 1 2 23 2
505.89 6 26 0 4 26 1 3 27 2
507.89 4 28 0 8 28 1 6 28 2
508.89 15 21 0 11 22 1 7 24 2
509.89 8 25 0 8 20 1 8 16 2
509.89 6 27 0 8 24 1 10 22 2
514.89 5 25 0 2 21 1 0 18 2
515.89 14 30 0 14 28 1 13 24 2
515.89 7 22 0 4 20 1 2 17 2
516.89 12 31 0 13 31 1 15 30 2
517.89 3 18 0 6 18 1 9 20 2
517.89 3 25 0 2 25 1 1 26 2
517.89 1 27 0 1 28 1 2 28 2
520.89 14 31 0 10 30 1 6 30 2
520.89 11 28 0 7 25 1 2 28 2
522.89 2 16 0 12 18 1 7 20 2
522.89 5 27 0 5 28 1 5 29 2
524.89 13 27 0 10 25 1 7 23 2
524.89 8 21 0 8 24 1 7 27 2
524.89 12 19 0 9 24 1 6 30 2
526.89 1 30 0 6 26 1 12 24 2
526.89 4 20 0 4 21 1 5 23 2
530.89 4 26 0 6 27 1 9 28 2
530.89 14 21 0 12 21 1 9 21 2
531.89 7 31 0 11 27 1 14 26 2
533.89 6 26 0 7 27 1 8 28 2
534.89 10 24 0 11 23 1 12 23 2
536.89 11 19 0 5 20 1 0 22 2
540.89 8 31 0 6 30 1 9 29 2
541.89 13 21 0 14 19 1 11 19 2
544.89 10 21 0 10 24 1 11 27 2
545.89 9 29 0 8 26 1 8 24 2
546.89 9 22 0 8 21 1 7 22 2
549.89 6 26 0 7 24 1 9 22 2
549.89 15 28 0 12 28 1 9 28 2
550.89 3 29 0 4 24 1 6 20 2
553.89 11 25 0 12 26 1 12 27 2
553.89 7 27 0 4 29 1 2 31 2
554.89 4 19 0 4 20 1 4 22 2
556.89 8 21 0 11 22 1 12 24 2
556.89 4 17 0 4 18 1 4 20 2
556.89 3 17 0 3 19 1 2 21 2
557.89 14 25 0 12 28 1 11 30 2
559.89 8 22 0 9 20 1 8 20 2
559.89 12 22 0 8 21 1 4 21 2
560.89 5 29 0 12 20 1 15 18 2
560.89 15 24 0 13 21 1 11 18 2
562.89 8 26 0 7 20 1 7 16 2
562.89 6 28 0 8 30 1 9 30 2
562.89 3 25 0 2 25 1 1 26 2
562.89 1 23 0 8 22 1 1 22 2
563.89 4 28 0 8 28 1 10 27 2
564.89 9 29 0 8 28 1 7 27 2
564.89 8 21 0 5 22 1 1 23 2
565.89 13 31 0 12 23 1 12 26 2
565.89 6 26 0 6 26 1 6 27 2
567.89 7 22 0 5 25 1 6 24 2
567.89 7 23 0 5 24 1 4 26 2
568.89 12 29 0 11 30 1 10 31 2
569.89 14 25 0 10 16 1 4 26 2
569.89 7 26 0 9 28 1 11 31 2
570.89 11 27 0 13 25 1 13 24 2
572.89 14 16 0 14 19 1 14 22 2
573.89 8 22 0 8 21 1 9 20 2
575.89 5 28 0 7 27 1 9 26 2
575.89 7 22 0 8 25 1 10 29 2
576.89 10 26 0 7 23 1 1 21 2
576.89 9 16 0 9 16 1 10 16 2
579.89 9 21 0 5 16 1 2 20 2
580.89 14 19 0 11 18 1 9 18 2
582.89 6 31 0 9 29 1 12 28 2
583.89 12 23 0 13 23 1 13 24 2
583.89 10 21 0 13 20 1 15 19 2
586.89 14 16 0 11 18 1 12 20 2
586.89 7 26 0 9 25 1 12 24 2
587.89 6 24 0 9 24 1 12 24 2
588.89 11 17 0 8 16 1 6 17 2
590.89 8 16 0 7 21 1 7 26 2
591.89 11 25 0 9 27 1 7 29 2
591.89 12 22 0 12 21 1 12 21 2
592.89 5 23 0 6 21 1 7 19 2
594.89 8 17 0 7 22 1 6 28 2
594.89 1 22 0 0 21 1 0 21 2
594.89 5 27 0 5 23 1 7 18 2
597.89 11 25 0 11 23 1 10 20 2
597.89 3 22 0 6 24 1 9 26 2
599.89 8 26 0 7 28 1 7 29 2
599.89 4 25 0 7 25 1 10 26 2
600.89 6 29 0 6 22 1 6 16 2
602.89 4 22 0 6 25 1 0 17 2
604.89 8 27 0 9 27 1 9 27 2
604.89 7 25 0 8 24 1 3 23 2
605.89 3 22 0 5 25 1 8 28 2
607.89 2 30 0 4 30 1 6 30 2
608.89 14 20 0 11 21 1 8 23 2
613.89 13 27 0 13 25 1 14 23 2
615.89 13 23 0 12 22 1 13 22 2
615.89 2 30 0 3 28 1 4 26 2
623.89 11 27 0 13 28 1 15 27 2
626.89 4 26 0 3 22 1 2 19 2
626.89 1 31 0 1 3 1 1 27 2
627.89 1 20 0 5 21 1 8 23 2
628.89 11 18 0 8 18 1 6 18 2
629.89 10 19 0 6 19 1 2 20 2
629.89 13 23 0 11 24 1 10 26 2
629.89 11 22 0 11 22 1 12 21 2
631.89 5 30 0 6 28 1 6 31 2
631.89 15 18 0 10 23 1 4 16 2
632.89 2 22 0 9 20 1 8 20 2
632.89 14 24 0 13 24 1 12 16 2
633.89 2 22 0 4 21 1 7 21 2
633.89 8 30 0 10 30 1 9 29 2
635.89 12 24 0 10 21 1 8 19 2
635.89 10 23 0 6 19 1 2 16 2
636.89 1 30 0 2 30 1 3 31 2
636.89 14 17 0 13 23 1 12 29 2
636.89 11 18 0 10 19 1 9 20 2
640.89 13 28 0 8 29 1 3 30 2
640.89 13 27 0 11 16 1 9 18 2
640.89 3 16 0 2 31 1 1 30 2
641.89 14 26 0 15 27 1 14 28 2
642.89 8 21 0 7 23 1 6 27 2
642.89 4 28 0 5 29 1 5 30 2
642.89 1 31 0 9 25 1 7 23 2
643.89 8 25 0 7 26 1 7 28 2
643.89 15 21 0 15 26 1 15 28 2
644.89 1 31 0 2 31 1 3 31 2
644.89 8 30 0 6 27 1 4 26 2
645.89 10 31 0 7 29 1 15 29 2
647.89 14 30 0 15 31 1 13 31 2
648.89 5 23 0 9 22 1 6 21 2
650.89 14 27 0 14 25 1 14 24 2
652.89 2 30 0 5 29 1 9 9 2
652.89 7 29 0 12 30 1 15 30 2
653.89 12 26 0 14 24 1 15 22 2
654.89 11 27 0 9 21 1 4 28 2
655.89 8 27 0 5 24 1 4 21 2
655.89 10 20 0 9 20 1 9 21 2
655.89 6 31 0 7 27 1 9 23 2
658.89 9 28 0 8 29 1 8 31 2
659.89 3 27 0 3 29 1 3 29 2
660.89 13 21 0 14 23 1 15 26 2
661.89 10 25 0 10 24 1 10 23 2
662.89 13 28 0 12 29 1 11 31 2
662.89 13 26 0 11 26 1 8 27 2
663.89 10 28 0 11 29 1 12 31 2
664.89 4 16 0 7 17 1 9 18 2
665.89 8 31 0 5 30 1 7 28 2
666.89 15 20 0 12 21 1 9 22 2
666.89 13 21 0 12 20 1 11 20 2
667.89 7 30 0 4 31 1 2 31 2
668.89 1 26 0 5 27 1 2 29 2
670.89 5 22 0 9 21 1 13 21 2
672.89 13 29 0 14 17 1 15 28 2
672.89 13 31 0 11 30 1 9 28 2
672.89 2 18 0 4 18 1 7 18 2
673.89 3 16 0 5 21 1 6 27 2
674.89 10 19 0 7 19 1 5 20 2
676.89 10 20 0 12 24 1 15 29 2
676.89 10 19 0 13 22 1 15 21 2
680.89 11 28 0 9 27 1 8 27 2
682.89 9 19 0 5 23 1 3 18 2
682.89 15 16 0 15 16 1 15 17 2
684.89 10 27 0 11 28 1 13 30 2
686.89 6 23 0 4 23 1 2 23 2
686.89 12 26 0 12 26 1 12 26 2
688.89 6 17 0 4 19 1 2 21 2
688.89 9 31 0 9 23 1 10 16 2
690.89 14 29 0 15 27 1 15 28 2
690.89 8 29 0 8 27 1 9 26 2
690.89 1 24 0 3 23 1 5 23 2
694.89 3 20 0 2 19 1 0 19 2
694.89 12 26 0 7 27 1 2 28 2
694.89 8 19 0 5 18 1 2 19 2
694.89 8 20 0 7 23 1 7 27 2
694.89 12 29 0 10 29 1 7 29 2
695.89 12 27 0 11 22 1 8 18 2
696.89 7 25 0 7 20 1 2 17 2
699.89 4 23 0 2 21 1 0 19 2
700.89 8 28 0 9 30 1 9 31 2
701.89 15 21 0 13 22 1 11 23 2
705.89 5 27 0 1 21 1 3 16 2
706.89 3 25 0 5 25 1 7 26 2
707.89 11 16 0 9 19 1 14 21 2
707.89 7 30 0 6 29 1 4 29 2
707.89 9 21 0 9 19 1 9 16 2
708.89 2 19 0 4 21 1 7 24 2
710.89 11 18 0 5 18 1 0 18 2
710.89 3 30 0 2 27 1 1 24 2
711.89 11 30 0 7 27 1 4 24 2
711.89 13 18 0 14 24 1 14 30 2
711.89 5 19 0 8 21 1 10 23 2
714.89 4 22 0 5 20 1 6 18 2
719.89 12 26 0 8 26 1 5 26 2
719.89 10 20 0 12 20 1 13 16 2
720.89 12 28 0 9 28 1 10 29 2
722.89 9 24 0 10 22 1 11 19 2
723.89 14 20 0 15 20 1 15 21 2
725.89 8 25 0 8 24 1 7 22 2
726.89 12 20 0 12 20 1 12 21 2
726.89 8 30 0 9 28 1 11 26 2
726.89 6 25 0 6 27 1 6 29 2
730.89 2 20 0 6 25 1 9 31 2
730.89 14 27 0 11 28 1 8 28 2
731.89 9 24 0 8 24 1 7 24 2
731.89 13 24 0 11 23 1 5 22 2
731.89 14 22 0 14 26 1 13 31 2
731.89 12 22 0 11 23 1 9 24 2
733.89 3 24 0 6 27 1 9 29 2
733.89 9 31 0 5 31 1 1 31 2
738.89 6 16 0 5 17 1 3 19 2
739.89 2 21 0 2 19 1 3 16 2
739.89 15 17 0 13 19 1 13 19 2
740.89 12 18 0 13 18 1 15 18 2
742.89 11 27 0 11 27 1 6 30 2
742.89 11 27 0 10 25 1 9 24 2
743.89 10 29 0 12 24 1 14 20 2
744.89 14 19 0 15 20 1 15 22 2
746.89 6 29 0 11 25 1 15 22 2
747.89 9 29 0 9 28 1 9 27 2
747.89 10 26 0 9 28 1 8 29 2
749.89 3 21 0 3 21 1 2 21 2
751.89 4 20 0 4 21 1 12 22 2
751.89 8 16 0 5 20 1 2 23 2
751.89 3 18 0 3 25 1 2 31 2
754.89 4 29 0 6 26 1 8 23 2
755.89 8 25 0 9 25 1 11 30 2
755.89 7 16 0 3 17 1 0 19 2
756.89 11 31 0 12 28 1 13 26 2
763.89 7 27 0 4 27 1 1 29 2
764.89 13 30 0 10 26 1 7 23 2
766.89 15 21 0 15 22 1 15 23 2
766.89 7 30 0 11 28 1 14 26 2
768.89 5 21 0 8 21 1 11 22 2
768.89 7 19 0 4 20 1 1 21 2
768.89 3 29 0 11 29 1 5 29 2
769.89 5 26 0 11 27 1 15 28 2
769.89 9 18 0 10 19 1 13 20 2
769.89 8 16 0 8 19 1 7 22 2
769.89 13 26 0 14 25 1 15 23 2
771.89 8 25 0 9 22 1 10 20 2
771.89 5 16 0 2 18 1 0 21 2
772.89 11 19 0 12 22 1 13 20 2
772.89 3 30 0 5 28 1 8 26 2
772.89 6 22 0 7 19 1 8 16 2
772.89 8 17 0 11 18 1 14 19 2
773.89 4 19 0 5 19 1 6 20 2
777.89 1 31 0 4 8 1 8 29 2
777.89 13 24 0 9 23 1 5 23 2
781.89 8 29 0 8 26 1 7 24 2
781.89 7 24 0 5 24 1 3 24 2
782.89 8 29 0 5 29 1 3 30 2
785.89 11 23 0 8 21 1 6 21 2
785.89 9 23 0 13 22 1 8 28 2
785.89 6 26 0 9 24 1 13 22 2
786.89 10 28 0 11 28 1 12 29 2
787.89 1 17 0 4 18 1 6 21 2
787.89 2 21 0 3 26 1 4 31 2
788.89 8 18 0 10 19 1 2 20 2
789.89 7 19 0 7 21 1 7 24 2
790.89 1 28 0 3 19 1 5 16 2
791.89 15 21 0 8 18 1 0 18 2
791.89 6 24 0 6 24 1 7 24 2
791.89 10 27 0 10 27 1 10 27 2
793.89 3 25 0 4 22 1 4 19 2
796.89 4 20 0 7 18 1 10 21 2
797.89 8 29 0 6 26 1 4 24 2
797.89 15 26 0 13 28 1 10 30 2
797.89 10 17 0 11 21 1 13 26 2
798.89 9 29 0 11 26 1 13 23 2
798.89 4 30 0 5 26 1 6 22 2
799.89 2 22 0 4 19 1 5 17 2
799.89 13 16 0 12 18 1 11 20 2
801.89 2 27 0 3 26 1 4 28 2
801.89 2 29 0 7 27 1 11 24 2
802.89 13 22 0 13 22 1 13 24 2
804.89 7 25 0 7 22 1 8 18 2
804.89 4 25 0 6 23 1 8 20 2
805.89 7 17 0 4 21 1 1 24 2
805.89 4 31 0 2 31 1 0 30 2
807.89 1 23 0 3 18 1 3 20 2
809.89 7 21 0 11 21 1 7 21 2
813.89 8 18 0 6 17 1 5 17 2
814.89 8 29 0 6 26 1 3 24 2
815.89 1 31 0 9 28 1 9 24 2
817.89 13 16 0 11 21 1 9 26 2
817.89 10 27 0 6 25 1 6 23 2
819.89 6 28 0 8 29 1 9 31 2
820.89 13 30 0 11 27 1 9 21 2
825.89 5 30 0 7 27 1 9 24 2
825.89 4 20 0 6 22 1 11 23 2
826.89 12 26 0 10 25 1 8 24 2
826.89 2 18 0 3 18 1 3 19 2
827.89 15 23 0 13 20 1 9 17 2
829.89 1 24 0 3 21 1 5 19 2
830.89 9 31 0 7 31 1 6 30 2
831.89 10 28 0 12 29 1 14 30 2
831.89 6 17 0 10 22 1 15 27 2
831.89 4 23 0 4 22 1 3 22 2
831.89 9 27 0 5 28 1 2 29 2
832.89 8 20 0 10 31 1 13 16 2
834.89 4 31 0 5 28 1 6 26 2
835.89 13 23 0 8 22 1 3 21 2
836.89 14 29 0 5 27 1 11 24 2
837.89 3 22 0 3 30 1 3 23 2
837.89 5 26 0 4 23 1 4 21 2
839.89 11 30 0 13 27 1 14 17 2
840.89 8 17 0 5 21 1 3 26 2
840.89 12 24 0 8 27 1 3 31 2
841.89 9 18 0 10 19 1 11 21 2
842.89 14 25 0 15 26 1 13 23 2
843.89 2 16 0 9 16 1 15 16 2
844.89 8 21 0 7 20 1 4 21 2
844.89 14 20 0 11 21 1 8 23 2
845.89 2 29 0 6 29 1 9 29 2
845.89 4 19 0 2 20 1 0 21 2
846.89 4 19 0 2 17 1 0 17 2
847.89 9 19 0 11 24 1 13 28 2
848.89 13 24 0 10 23 1 6 22 2
849.89 5 30 0 5 26 1 4 22 2
850.89 7 29 0 3 29 1 0 29 2
850.89 3 31 0 9 31 1 13 29 2
852.89 2 29 0 3 30 1 3 31 2
855.89 4 23 0 8 21 1 12 20 2
855.89 14 31 0 10 28 1 6 24 2
857.89 9 21 0 11 20 1 12 19 2
859.89 2 28 0 3 30 1 4 31 2
861.89 11 22 0 11 20 1 8 19 2
865.89 10 16 0 11 18 1 12 19 2
865.89 3 21 0 6 20 1 10 20 2
866.89 1 29 0 0 2 1 2 31 2
867.89 4 17 0 5 18 1 4 15 2
867.89 13 16 0 13 19 1 7 22 2
868.89 12 21 0 11 20 1 9 19 2
873.89 11 29 0 13 26 1 15 28 2
873.89 1 20 0 3 19 1 4 18 2
875.89 15 19 0 9 26 1 4 16 2
876.89 2 25 0 2 24 1 2 22 2
878.89 11 16 0 9 18 1 7 19 2
878.89 9 27 0 12 24 1 15 21 2
879.89 10 24 0 7 23 1 4 22 2
881.89 2 31 0 5 31 1 7 31 2
883.89 8 19 0 11 18 1 14 18 2
883.89 8 24 0 9 27 1 0 30 2
884.89 14 28 0 9 25 1 6 22 2
884.89 11 31 0 8 30 1 8 28 2
884.89 12 31 0 9 31 1 7 30 2
884.89 2 23 0 7 26 1 12 31 2
886.89 9 28 0 11 27 1 12 26 2
887.89 2 22 0 2 21 1 2 21 2
888.89 15 17 0 13 20 1 12 23 2
889.89 6 26 0 9 27 1 12 28 2
889.89 4 29 0 5 28 1 6 27 2
890.89 13 24 0 9 22 1 5 20 2
890.89 13 20 0 11 18 1 9 17 2
890.89 4 19 0 3 24 1 1 29 2
890.89 13 31 0 13 29 1 12 27 2
891.89 15 29 0 10 26 1 4 23 2
892.89 11 28 0 10 28 1 9 27 2
895.89 1 27 0 4 27 1 6 27 2
895.89 5 16 0 10 18 1 15 21 2
897.89 12 22 0 10 26 1 9 30 2
897.89 14 28 0 10 23 1 6 18 2
898.89 2 26 0 4 22 1 6 19 2
899.89 13 29 0 11 29 1 7 28 2
899.89 3 29 0 8 30 1 13 31 2
901.89 7 27 0 6 27 1 5 27 2
901.89 6 27 0 6 25 1 5 24 2
902.89 3 29 0 3 26 1 2 22 2
902.89 11 22 0 12 20 1 0 18 2
903.89 13 26 0 11 25 1 10 26 2
906.89 3 29 0 6 22 1 9 18 2
906.89 7 19 0 4 19 1 1 20 2
906.89 8 24 0 8 27 1 7 30 2
906.89 1 16 0 2 20 1 3 22 2
908.89 13 20 0 8 25 1 4 29 2
909.89 13 26 0 12 28 1 11 30 2
909.89 8 21 0 9 24 1 10 28 2
910.89 3 16 0 5 18 1 7 20 2
910.89 5 21 0 3 22 1 0 24 2
912.89 7 16 0 6 21 1 5 27 2
913.89 11 25 0 12 26 1 13 27 2
915.89 7 16 0 2 17 1 0 23 2
916.89 11 26 0 11 24 1 10 22 2
918.89 7 23 0 4 23 1 7 29 2
922.89 4 22 0 6 22 1 8 24 2
923.89 9 16 0 8 17 1 8 20 2
923.89 9 20 0 8 20 1 7 21 2
925.89 6 31 0 6 26 1 7 21 2
932.89 12 25 0 13 27 1 13 29 2
933.89 13 22 0 13 19 1 14 17 2
934.89 9 28 0 8 26 1 7 26 2
937.89 10 23 0 8 21 1 5 19 2
937.89 9 20 0 12 22 1 15 21 2
937.89 8 31 0 7 30 1 6 29 2
939.89 7 17 0 9 19 1 12 22 2
940.89 5 24 0 5 22 1 6 22 2
945.89 2 17 0 1 22 1 0 28 2
948.89 13 24 0 7 29 1 2 31 2
950.89 1 30 0 1 30 1 3 19 2
957.89 5 24 0 7 25 1 8 26 2
958.89 4 29 0 3 28 1 2 27 2
959.89 15 30 0 14 28 1 13 26 2
960.89 15 28 0 15 29 1 15 29 2
960.89 4 16 0 9 22 1 14 28 2
960.89 9 23 0 9 20 1 10 18 2
961.89 13 28 0 7 24 1 2 21 2
961.89 6 28 0 8 27 1 8 27 2
961.89 14 18 0 11 20 1 9 22 2
962.89 8 25 0 6 24 1 5 24 2
962.89 3 18 0 0 18 1 1 19 2
962.89 14 17 0 15 18 1 13 18 2
963.89 7 31 0 6 28 1 5 24 2
964.89 12 16 0 13 16 1 15 17 2
964.89 7 29 0 6 29 1 6 29 2
964.89 1 3 0 5 27 1 9 27 2
965.89 10 31 0 8 26 1 6 21 2
970.89 8 29 0 7 23 1 7 17 2
971.89 1 27 0 7 24 1 13 22 2
972.89 10 24 0 10 26 1 11 27 2
972.89 14 31 0 12 26 1 10 22 2
973.89 4 17 0 8 18 1 11 20 2
974.89 7 21 0 4 21 1 1 22 2
975.89 9 30 0 5 29 1 2 27 2
976.89 10 27 0 10 25 1 10 24 2
976.89 5 26 0 4 26 1 4 27 2
977.89 3 19 0 8 21 1 12 24 2
978.89 15 23 0 11 21 1 7 20 2
983.89 8 29 0 8 23 1 8 23 2
984.89 5 23 0 6 25 1 8 27 2
985.89 1 23 0 6 26 1 13 21 2
985.89 6 31 0 12 29 1 15 28 2
987.89 5 23 0 9 22 1 13 21 2
991.89 13 19 0 12 23 1 11 28 2
991.89 4 19 0 8 18 1 12 17 2
994.89 5 30 0 5 31 1 6 31 2
994.89 5 17 0 4 18 1 2 20 2
994.89 6 28 0 4 29 1 2 30 2
995.89 15 24 0 13 18 1 11 23 2
995.89 7 21 0 3 18 1 0 16 2
995.89 12 19 0 13 18 1 14 19 2
999.89 1 22 0 0 23 1 0 24 2
999.89 7 31 0 7 31 1 7 31 2
1001.89 9 27 0 10 27 1 10 27 2
1001.89 7 25 0 4 26 1 2 27 2
1004.89 12 25 0 9 26 1 10 29 2
1004.89 2 29 0 6 29 1 11 29 2
1004.89 3 22 0 6 22 1 8 23 2
1007.89 1 25 0 3 23 1 3 22 2
1007.89 2 24 0 5 23 1 8 16 2
1008.89 12 25 0 13 24 1 13 24 2
1008.89 6 24 0 8 27 1 11 31 2
1011.89 3 19 0 2 19 1 2 19 2
1013.89 3 25 0 7 23 1 11 18 2
1013.89 6 19 0 2 17 1 0 16 2
1014.89 3 25 0 4 24 1 5 23 2
1016.89 4 18 0 5 18 1 5 19 2
1018.89 8 22 0 11 22 1 14 23 2
1021.89 7 17 0 6 24 1 5 31 2
1022.89 14 18 0 14 18 1 15 18 2
1024.89 8 23 0 8 25 1 8 23 2
1024.89 15 19 0 12 18 1 8 18 2
1025.89 6 23 0 3 27 1 0 31 2
1026.89 5 27 0 5 28 1 5 29 2
1027.89 14 23 0 13 25 1 12 28 2
1028.89 7 30 0 5 29 1 9 28 2
1029.89 4 18 0 2 24 1 1 23 2
1029.89 8 25 0 7 27 1 6 30 2
1029.89 15 28 0 13 29 1 11 31 2
1029.89 4 20 0 9 24 1 13 29 2
1031.89 9 28 0 5 28 1 1 21 2
1032.89 4 19 0 4 19 1 5 21 2
1032.89 2 29 0 5 29 1 8 29 2
1033.89 10 19 0 6 19 1 1 19 2
1033.89 8 28 0 14 28 1 12 30 2
1035.89 10 18 0 12 29 1 15 19 2
1035.89 10 25 0 10 24 1 11 22 2
1036.89 7 30 0 5 28 1 4 26 2
1037.89 14 17 0 13 18 1 12 19 2
1041.89 10 19 0 10 20 1 10 22 2
1041.89 10 23 0 6 27 1 0 31 2
1041.89 2 22 0 12 21 1 8 28 2
1044.89 7 22 0 10 24 1 12 26 2
1044.89 11 23 0 7 27 1 4 31 2
1050.89 1 16 0 5 18 1 9 20 2
1050.89 9 21 0 10 21 1 12 22 2
1051.89 12 26 0 7 21 1 1 17 2
1052.89 4 19 0 7 19 1 10 20 2
1052.89 15 29 0 14 28 1 12 27 2
1053.89 15 26 0 14 26 1 15 23 2
1054.89 6 18 0 2 23 1 14 29 2
1056.89 12 24 0 11 26 1 10 28 2
1057.89 2 31 0 4 30 1 5 29 2
1057.89 7 21 0 7 25 1 7 31 2
1057.89 1 17 0 1 16 1 2 16 2
1059.89 2 25 0 1 28 1 1 31 2
1059.89 1 22 0 4 23 1 6 26 2
1060.89 3 16 0 2 21 1 1 26 2
1060.89 13 18 0 7 21 1 1 24 2
1062.89 7 31 0 7 26 1 7 21 2
1062.89 5 28 0 4 22 1 3 16 2
1063.89 5 23 0 6 26 1 7 29 2
1063.89 14 27 0 12 29 1 12 31 2
1064.89 9 24 0 3 25 1 11 27 2
1065.89 1 27 0 2 30 1 4 27 2
1065.89 8 28 0 10 25 1 11 24 2
1066.89 4 28 0 3 29 1 2 29 2
1070.89 8 30 0 7 29 1 0 23 2
1070.89 9 30 0 9 26 1 9 21 2
1071.89 3 24 0 4 26 1 5 28 2
1072.89 1 20 0 2 18 1 1 17 2
1074.89 11 25 0 10 26 1 9 27 2
1074.89 6 25 0 7 25 1 8 26 2
1076.89 9 31 0 9 30 1 8 29 2
1076.89 14 22 0 14 22 1 13 23 2
1080.89 2 31 0 1 26 1 0 21 2
1080.89 7 21 0 7 22 1 10 26 2
1082.89 5 27 0 5 23 1 4 21 2
1086.89 15 26 0 12 25 1 9 27 2
1087.89 10 20 0 9 22 1 8 24 2
1087.89 5 22 0 8 24 1 11 26 2
1088.89 12 30 0 9 29 1 9 30 2
1089.89 11 26 0 10 23 1 9 22 2
1090.89 10 24 0 15 24 1 11 22 2
1090.89 15 30 0 15 28 1 15 26 2
1092.89 1 28 0 5 29 1 1 29 2
1092.89 12 17 0 7 18 1 2 19 2
1092.89 14 27 0 15 22 1 15 17 2
1092.89 5 29 0 6 28 1 6 27 2
1095.89 2 31 0 4 31 1 7 26 2
1096.89 15 24 0 12 25 1 10 26 2
1097.89 8 29 0 10 24 1 12 20 2
1099.89 7 25 0 4 23 1 0 27 2
1100.89 14 16 0 12 16 1 11 16 2
1100.89 5 28 0 6 24 1 1 8 2
1101.89 15 21 0 13 23 1 11 26 2
1101.89 5 29 0 9 28 1 12 28 2
1105.89 15 30 0 14 28 1 12 27 2
1106.89 11 23 0 11 21 1 11 20 2
1108.89 5 22 0 3 25 1 1 28 2
1109.89 11 18 0 11 19 1 11 20 2
1110.88 12 24 0 12 21 1 11 18 2
1110.88 15 24 0 13 20 1 11 17 2
1110.88 15 25 0 12 24 1 10 24 2
1113.89 8 28 0 2 16 1 6 20 2
1113.89 7 27 0 8 27 1 10 27 2
1114.88 11 26 0 8 26 1 4 26 2
1114.88 1 29 0 0 26 1 0 9 2
1115.88 10 26 0 13 21 1 0 16 2
1115.88 4 27 0 3 31 1 2 31 2
1117.88 4 23 0 4 26 1 4 29 2
1117.88 6 17 0 4 16 1 2 17 2
1119.88 8 21 0 6 23 1 5 26 2
1120.88 1 27 0 1 27 1 0 28 2
1121.88 13 18 0 10 19 1 8 21 2
1121.88 15 27 0 13 28 1 11 29 2
1121.88 9 29 0 10 25 1 11 22 2
1122.88 11 28 0 11 24 1 12 20 2
1122.88 6 21 0 3 18 1 1 16 2
1124.88 9 27 0 12 29 1 14 30 2
1124.88 9 28 0 11 26 1 13 24 2
1125.88 15 21 0 14 19 1 12 17 2
1125.88 9 24 0 12 26 1 15 27 2
1125.88 14 24 0 14 22 1 14 21 2
1130.88 9 27 0 9 25 1 9 24 2
1130.88 12 20 0 10 20 1 7 20 2
1132.88 3 31 0 4 30 1 5 29 2
1134.88 15 26 0 14 27 1 12 29 2
1136.88 3 29 0 4 29 1 5 30 2
1136.88 14 19 0 8 25 1 3 31 2
1138.88 8 17 0 7 21 1 7 26 2
1139.88 15 19 0 14 20 1 13 21 2
1140.88 8 22 0 5 23 1 2 24 2
1141.88 11 25 0 11 26 1 11 27 2
1142.88 6 29 0 5 28 1 4 27 2
1142.88 15 30 0 8 26 1 3 26 2
1143.88 10 26 0 14 26 1 11 26 2
1143.88 14 24 0 10 26 1 6 29 2
1143.88 9 18 0 9 16 1 6 16 2
1144.88 13 19 0 13 17 1 12 16 2
1144.88 4 20 0 6 20 1 7 20 2
1145.88 10 28 0 11 27 1 11 26 2
1146.88 6 21 0 6 21 1 5 21 2
1147.88 5 31 0 8 29 1 10 27 2
1149.88 12 24 0 12 21 1 12 18 2
1152.88 7 23 0 4 23 1 1 23 2
1152.88 2 17 0 4 20 1 6 24 2
1154.88 8 26 0 8 26 1 8 27 2
1156.88 10 25 0 4 23 1 10 22 2
1156.88 9 27 0 5 22 1 8 17 2
1156.88 1 19 0 2 19 1 4 20 2
1156.88 12 29 0 10 26 1 8 23 2
1157.88 2 24 0 6 26 1 10 28 2
1157.88 7 25 0 4 28 1 1 30 2
1161.88 13 19 0 15 19 1 8 19 2
1162.88 13 18 0 9 23 1 4 28 2
1164.88 11 30 0 13 29 1 14 29 2
1167.88 4 26 0 4 28 1 4 29 2
1167.88 4 24 0 5 23 1 5 22 2
1167.88 2 28 0 2 29 1 3 30 2
1168.88 1 17 0 1 17 1 2 17 2
1169.88 6 30 0 7 17 1 8 19 2
1169.88 12 26 0 13 28 1 4 30 2
1171.88 9 16 0 11 17 1 12 18 2
1171.88 11 26 0 9 29 1 7 22 2
1172.88 4 30 0 5 24 1 5 18 2
1173.88 7 22 0 4 25 1 2 23 2
1174.88 14 30 0 13 29 1 11 28 2
1176.88 15 25 0 15 28 1 14 31 2
1176.88 11 24 0 11 20 1 11 17 2
1177.88 2 28 0 4 26 1 5 24 2
1178.88 5 31 0 7 30 1 9 29 2
1180.88 4 30 0 7 26 1 10 23 2
1182.88 9 25 0 9 22 1 8 20 2
1184.88 8 28 0 12 23 1 15 18 2
1185.88 10 20 0 11 21 1 13 22 2
1185.88 9 28 0 11 26 1 12 23 2
1186.88 13 17 0 14 16 1 15 16 2
1187.88 2 26 0 1 23 1 0 21 2
1188.88 4 17 0 6 16 1 8 17 2
1192.88 10 30 0 9 25 1 4 24 2
1193.88 11 24 0 10 19 1 9 16 2
1194.88 7 26 0 8 30 1 9 30 2
1195.88 14 23 0 12 21 1 9 20 2
1199.88 13 29 0 15 24 1 15 19 2
1200.88 15 16 0 15 18 1 15 21 2
1200.88 15 17 0 10 19 1 5 21 2
1200.88 3 22 0 3 25 1 2 28 2
1202.88 4 19 0 3 25 1 3 31 2
1202.88 12 28 0 9 23 1 6 19 2
1202.88 7 25 0 6 25 1 5 26 2
1202.88 13 16 0 11 16 1 9 17 2
1202.88 5 18 0 4 19 1 3 21 2
1204.88 14 28 0 11 28 1 8 28 2
1204.88 2 20 0 7 24 1 12 29 2
1205.88 7 21 0 6 19 1 5 17 2
1205.88 5 21 0 7 18 1 5 16 2
1206.88 11 29 0 6 28 1 1 27 2
1206.88 3 23 0 2 23 1 2 24 2
1207.88 13 25 0 12 25 1 11 27 2
1207.88 4 22 0 6 25 1 7 28 2
1208.88 14 22 0 14 23 1 14 24 2
1208.88 12 19 0 7 23 1 3 28 2
1211.88 2 20 0 13 16 1 9 26 2
1211.88 8 25 0 7 25 1 4 24 2
1211.88 10 27 0 8 26 1 6 26 2
1215.88 4 31 0 3 29 1 3 28 2
1216.88 2 16 0 6 17 1 10 19 2
1217.88 15 27 0 13 26 1 11 24 2
1219.88 7 25 0 8 24 1 8 24 2
1219.88 6 27 0 7 23 1 8 19 2
1225.88 5 26 0 6 25 1 8 24 2
1226.88 5 16 0 6 16 1 7 16 2
1226.88 4 21 0 2 19 1 0 18 2
1227.88 9 31 0 5 24 1 3 21 2
1227.88 1 27 0 7 26 1 13 26 2
1228.88 3 31 0 5 31 1 7 30 2
1229.88 5 27 0 4 28 1 3 28 2
1229.88 11 24 0 9 20 1 8 17 2
1229.88 7 29 0 7 24 1 7 26 2
1230.88 13 27 0 11 26 1 9 26 2
1230.88 6 20 0 4 18 1 2 17 2
1231.88 4 20 0 3 20 1 3 20 2
1232.88 12 29 0 12 24 1 11 19 2
1232.88 10 23 0 6 23 1 1 24 2
1234.88 9 18 0 12 18 1 14 18 2
1236.88 13 24 0 11 21 1 9 19 2
1236.88 3 26 0 6 26 1 10 27 2
1239.88 8 19 0 8 19 1 9 19 2
1240.88 12 26 0 13 25 1 14 24 2
1243.88 6 25 0 4 24 1 2 23 2
1243.88 1 21 0 4 19 1 7 19 2
1243.88 3 16 0 2 19 1 3 22 2
1244.88 12 19 0 12 19 1 9 20 2
1244.88 13 29 0 11 29 1 12 29 2
1245.88 3 22 0 0 20 1 13 22 2
1245.88 6 19 0 5 18 1 4 19 2
1246.88 5 24 0 4 22 1 4 21 2
1247.88 8 22 0 5 18 1 2 16 2
1247.88 8 22 0 5 16 1 2 23 2
1249.88 3 18 0 4 20 1 5 23 2
1249.88 2 24 0 1 24 1 1 24 2
1250.88 3 18 0 2 20 1 0 22 2
1251.88 8 23 0 15 31 1 13 19 2
1252.88 6 21 0 7 26 1 9 30 2
1253.88 9 18 0 9 17 1 10 16 2
1253.88 3 24 0 5 21 1 8 18 2
1255.88 11 16 0 12 16 1 12 19 2
1256.88 4 24 0 5 24 1 6 26 2
1257.88 12 31 0 12 30 1 12 29 2
1258.88 1 24 0 8 22 1 15 19 2
1258.88 10 28 0 12 26 1 13 26 2
1260.88 7 20 0 12 22 1 14 26 2
1260.88 9 26 0 12 28 1 15 24 2
1260.88 5 29 0 5 29 1 7 31 2
1261.88 15 31 0 11 26 1 6 22 2
1262.88 12 25 0 12 26 1 12 30 2
1263.88 3 26 0 6 22 1 11 21 2
1264.88 2 31 0 7 26 1 12 21 2
1264.88 10 23 0 13 26 1 15 29 2
1264.88 3 19 0 6 17 1 9 19 2
1268.88 9 21 0 9 20 1 9 19 2
1268.88 14 26 0 12 23 1 10 21 2
1270.88 2 26 0 2 25 1 2 24 2
1272.88 8 23 0 9 23 1 9 24 2
1272.88 3 20 0 2 18 1 0 18 2
1274.88 10 16 0 9 16 1 9 17 2
1276.88 13 26 0 9 22 1 5 18 2
1276.88 3 24 0 6 23 1 9 23 2
1280.88 1 16 0 2 17 1 8 9 2
1280.88 6 24 0 6 27 1 7 28 2
1282.88 10 19 0 8 18 1 4 16 2
1283.88 7 31 0 4 26 1 0 22 2
1284.88 3 21 0 2 20 1 1 20 2
1285.88 5 25 0 6 19 1 6 18 2
1287.88 12 28 0 12 16 1 12 16 2
1287.88 15 22 0 12 25 1 9 29 2
1289.88 2 22 0 2 22 1 1 22 2
1289.88 6 21 0 8 22 1 9 22 2
1290.88 9 27 0 11 26 1 14 27 2
1296.88 7 26 0 10 27 1 13 28 2
1296.88 14 21 0 9 24 1 4 26 2
1301.88 7 16 0 8 18 1 9 19 2
1302.88 4 22 0 9 21 1 14 20 2
1304.88 13 25 0 13 25 1 11 26 2
1304.88 4 16 0 7 20 1 10 26 2
1306.88 9 19 0 11 20 1 12 21 2
1307.88 3 29 0 9 24 1 15 19 2
1308.88 13 16 0 14 16 1 15 17 2
1309.88 7 18 0 5 21 1 4 24 2
1315.88 12 31 0 14 27 1 10 23 2
1316.88 3 18 0 3 19 1 2 20 2
1317.88 6 28 0 8 27 1 11 26 2
1319.88 2 26 0 1 26 1 0 28 2
1320.88 1 16 0 2 16 1 3 16 2
1321.88 11 27 0 12 28 1 13 29 2
1321.88 15 19 0 14 22 1 14 24 2
1322.88 11 25 0 11 25 1 11 26 2
1324.88 3 24 0 3 21 1 2 19 2
1325.88 10 28 0 11 28 1 12 28 2
1326.88 7 24 0 9 23 1 8 26 2
1326.88 9 27 0 9 28 1 9 30 2
1327.88 12 27 0 12 29 1 10 31 2
1328.88 14 19 0 7 19 1 8 20 2
1328.88 15 27 0 12 27 1 10 28 2
1329.88 6 25 0 9 29 1 13 31 2
1330.88 5 27 0 7 25 1 8 24 2
1331.88 6 31 0 3 26 1 0 21 2
1331.88 7 25 0 5 25 1 3 24 2
1332.88 4 22 0 2 20 1 2 16 2
1333.88 1 19 0 2 19 1 2 20 2
1334.88 10 30 0 11 29 1 12 29 2
1335.88 14 25 0 14 24 1 15 22 2
1335.88 2 26 0 2 21 1 2 17 2
1336.88 8 28 0 8 26 1 9 24 2
1336.88 8 25 0 9 27 1 10 30 2
1337.88 12 21 0 10 25 1 8 29 2
1338.88 5 25 0 3 28 1 0 31 2
1341.88 7 19 0 5 16 1 6 24 2
1344.88 5 23 0 9 17 1 13 20 2
1345.88 6 21 0 11 17 1 15 16 2
1346.88 9 26 0 8 26 1 7 21 2
1347.88 8 25 0 5 26 1 2 28 2
1349.88 3 23 0 2 25 1 0 28 2
1351.88 7 31 0 7 26 1 7 20 2
1353.88 14 22 0 14 20 1 15 19 2
1354.88 5 22 0 6 17 1 7 20 2
1354.88 11 31 0 12 27 1 12 23 2
1358.88 11 21 0 13 19 1 15 17 2
1358.88 11 24 0 5 25 1 0 27 2
1360.88 6 20 0 4 20 1 2 20 2
1360.88 14 22 0 15 20 1 15 17 2
1361.88 7 30 0 13 29 1 3 27 2
1361.88 5 23 0 5 21 1 5 19 2
1362.88 5 26 0 6 23 1 7 20 2
1362.88 1 31 0 7 31 1 12 30 2
1363.88 2 22 0 2 31 1 2 19 2
1364.88 9 19 0 10 21 1 11 23 2
1364.88 11 19 0 10 21 1 10 23 2
1366.88 5 25 0 5 24 1 1 21 2
1367.88 11 19 0 10 18 1 8 18 2
1369.88 3 20 0 5 23 1 7 26 2
1370.88 6 17 0 7 19 1 8 23 2
1372.88 5 23 0 5 25 1 5 27 2
1372.88 12 31 0 13 30 1 13 28 2
1372.88 6 28 0 9 22 1 12 17 2
1374.88 3 29 0 4 28 1 6 27 2
1377.88 6 20 0 6 23 1 5 27 2
1379.88 15 27 0 9 29 1 4 31 2
1379.88 8 31 0 9 30 1 10 29 2
1381.88 9 16 0 10 19 1 11 23 2
1382.88 8 31 0 12 30 1 9 29 2
1383.88 9 19 0 8 19 1 6 20 2
1384.88 6 17 0 5 19 1 3 21 2
1389.88 10 20 0 11 23 1 13 24 2
1390.88 3 19 0 2 18 1 2 18 2
1390.88 9 16 0 10 16 1 11 16 2
1392.88 9 18 0 8 19 1 6 20 2
1393.88 2 20 0 1 21 1 0 23 2
1395.88 2 23 0 5 24 1 8 26 2
1398.88 11 28 0 12 28 1 13 28 2
1400.88 6 19 0 5 20 1 4 22 2
1400.88 7 25 0 6 23 1 5 20 2
1402.88 10 30 0 12 28 1 14 24 2
1402.88 1 26 0 8 27 1 10 28 2
1405.88 1 21 0 3 20 1 5 20 2
1405.88 14 19 0 11 19 1 8 19 2
1406.88 8 31 0 6 27 1 5 24 2
1406.88 9 20 0 9 21 1 9 22 2
1411.88 12 24 0 11 22 1 12 21 2
1412.88 2 31 0 2 26 1 4 21 2
1412.88 5 19 0 5 24 1 6 29 2
1413.88 10 24 0 7 23 1 4 22 2
1413.88 7 24 0 5 23 1 2 23 2
1414.88 11 25 0 12 24 1 13 23 2
1414.88 8 24 0 6 20 1 7 16 2
1417.88 4 25 0 8 23 1 12 20 2
1418.88 4 20 0 7 19 1 3 19 2
1419.88 8 21 0 14 29 1 8 26 2
1421.88 11 16 0 6 24 1 3 30 2
1421.88 4 18 0 8 20 1 12 23 2
1422.88 2 17 0 4 19 1 7 23 2
1424.88 11 26 0 7 28 1 4 31 2
1424.88 1 29 0 2 27 1 1 27 2
1425.88 4 20 0 8 20 1 12 20 2
1425.88 11 30 0 11 28 1 11 26 2
1425.88 8 29 0 4 30 1 0 30 2
1427.88 10 26 0 10 28 1 9 30 2
1427.88 7 29 0 8 28 1 8 27 2
1430.88 3 21 0 1 20 1 0 21 2
1430.88 6 24 0 7 24 1 8 26 2
1432.88 12 31 0 13 25 1 8 27 2
1432.88 12 16 0 10 20 1 9 24 2
1432.88 6 24 0 9 19 1 12 17 2
1433.88 5 16 0 5 16 1 5 17 2
1434.88 3 22 0 1 22 1 0 26 2
1434.88 7 29 0 6 30 1 5 30 2
1434.88 14 24 0 13 26 1 11 29 2
1434.88 7 31 0 6 28 1 5 26 2
1435.88 10 19 0 12 20 1 13 21 2
1437.88 12 22 0 12 21 1 11 20 2
1438.88 4 24 0 5 23 1 5 23 2
1438.88 2 22 0 4 21 1 6 21 2
1438.88 7 25 0 7 27 1 7 29 2
1440.88 12 28 0 12 26 1 11 24 2
1440.88 4 22 0 5 21 1 6 21 2
1440.88 5 17 0 5 20 1 6 23 2
1441.88 8 31 0 10 30 1 13 30 2
1442.88 9 28 0 10 28 1 12 28 2
1444.88 13 24 0 12 23 1 10 27 2
1448.88 1 20 0 7 21 1 8 23 2
1449.88 1 21 0 2 20 1 6 19 2
1450.88 14 22 0 14 25 1 15 28 2
1450.88 10 17 0 9 18 1 9 19 2
1450.88 7 28 0 7 29 1 7 30 2
1455.88 3 26 0 7 21 1 11 16 2
1455.88 14 22 0 9 20 1 5 24 2
1456.88 14 31 0 14 28 1 14 24 2
1457.88 8 17 0 10 21 1 12 24 2
1458.88 10 28 0 8 23 1 6 19 2
1458.88 3 27 0 9 24 1 14 21 2
1460.88 8 24 0 5 28 1 1 23 2
1460.88 14 24 0 11 20 1 9 16 2
1460.88 11 31 0 9 26 1 8 22 2
1460.88 15 27 0 13 27 1 11 26 2
1460.88 7 27 0 9 29 1 10 31 2
1462.88 9 23 0 6 19 1 3 16 2
1462.88 7 21 0 6 24 1 5 27 2
1463.88 3 20 0 5 19 1 7 18 2
1464.88 2 18 0 5 19 1 8 21 2
1465.88 10 25 0 6 26 1 11 26 2
1469.88 15 31 0 11 25 1 6 20 2
1469.88 3 24 0 4 27 1 5 30 2
1469.88 10 21 0 9 20 1 8 20 2
1469.88 10 23 0 12 23 1 13 24 2
1469.88 12 30 0 10 26 1 8 23 2
1470.88 14 30 0 14 23 1 13 17 2
1471.88 15 31 0 15 31 1 15 31 2
1473.88 9 16 0 7 16 1 4 17 2
1477.88 8 23 0 5 19 1 2 16 2
1478.88 15 20 0 11 22 1 8 24 2
1480.88 2 22 0 2 22 1 2 23 2
1480.88 6 22 0 9 19 1 13 17 2
1480.88 1 3 0 7 28 1 13 30 2
1482.88 11 24 0 10 20 1 9 17 2
1483.88 11 19 0 7 24 1 3 30 2
1484.88 8 27 0 5 27 1 2 27 2
1486.88 11 31 0 13 27 1 14 24 2
1486.88 11 30 0 10 29 1 9 29 2
1487.88 5 29 0 5 28 1 5 27 2
1488.88 6 25 0 4 26 1 4 28 2
1489.88 3 22 0 9 21 1 14 21 2
1494.88 1 27 0 4 25 1 8 22 2
1495.88 7 20 0 7 20 1 7 20 2
1495.88 4 29 0 5 26 1 5 23 2
1496.88 6 29 0 5 29 1 4 28 2
1499.88 3 27 0 5 24 1 6 21 2
1499.88 1 28 0 9 27 1 10 19 2
1500.88 8 19 0 11 20 1 13 22 2
1500.88 3 18 0 3 18 1 3 20 2
1502.88 5 21 0 9 20 1 13 20 2
1504.88 1 21 0 3 20 1 3 20 2
1504.88 15 16 0 14 17 1 13 16 2
1504.88 10 28 0 3 27 1 15 27 2
1504.88 12 25 0 13 25 1 15 26 2
1505.88 8 24 0 10 20 1 12 17 2
1505.88 6 20 0 2 20 1 5 24 2
1509.88 6 20 0 5 20 1 5 21 2
1509.88 5 27 0 7 28 1 8 29 2
1509.88 12 17 0 8 18 1 4 20 2
1510.88 11 29 0 8 28 1 5 27 2
1510.88 6 22 0 4 24 1 2 26 2
1510.88 15 31 0 10 30 1 1 28 2
1511.88 4 26 0 7 25 1 10 24 2
1512.88 7 22 0 6 22 1 5 23 2
1512.88 11 30 0 11 25 1 10 20 2
1514.88 14 27 0 13 26 1 11 26 2
1514.88 7 20 0 4 21 1 5 23 2
1515.88 13 31 0 12 26 1 10 21 2
1518.88 8 21 0 11 21 1 13 21 2
1518.88 12 29 0 7 23 1 2 19 2
1519.88 13 29 0 12 29 1 10 31 2
1519.88 15 21 0 12 21 1 9 22 2
1522.88 9 28 0 11 26 1 13 24 2
1522.88 14 17 0 12 17 1 10 17 2
1522.88 1 29 0 3 29 1 4 29 2
1524.88 9 29 0 11 25 1 14 17 2
1524.88 12 21 0 12 19 1 11 20 2
1529.88 14 21 0 12 21 1 11 21 2
1529.88 3 21 0 2 21 1 1 22 2
1531.88 15 23 0 15 24 1 15 26 2
1532.88 4 26 0 3 23 1 2 21 2
1533.88 11 28 0 7 26 1 4 27 2
1534.88 9 17 0 9 21 1 8 26 2
1535.88 2 27 0 1 22 1 0 17 2
1536.88 11 28 0 9 18 1 4 30 2
1537.88 1 24 0 2 22 1 3 22 2
1539.88 1 25 0 1 27 1 3 29 2
1543.88 10 29 0 8 26 1 6 24 2
1544.88 14 29 0 8 17 1 1 18 2
1544.88 3 16 0 2 19 1 0 23 2
1546.88 11 28 0 12 22 1 12 19 2
1546.88 2 23 0 2 20 1 9 31 2
1547.88 13 22 0 14 21 1 14 20 2
1547.88 3 17 0 3 18 1 3 19 2
1548.88 12 28 0 9 25 1 7 24 2
1548.88 1 23 0 1 22 1 1 21 2
1552.88 15 31 0 13 31 1 11 31 2
1552.88 2 16 0 11 19 1 6 16 2
1554.88 15 24 0 11 21 1 6 19 2
1554.88 10 28 0 8 24 1 5 20 2
1555.88 12 22 0 8 24 1 5 26 2
1555.88 2 21 0 3 20 1 3 18 2
1557.88 7 27 0 4 28 1 0 30 2
1557.88 8 29 0 11 26 1 14 23 2
1558.88 6 22 0 6 23 1 6 26 2
1559.88 9 23 0 11 21 1 13 20 2
1562.88 1 26 0 3 28 1 5 31 2
1563.88 4 27 0 4 25 1 5 24 2
1563.88 5 21 0 3 23 1 1 27 2
1563.88 6 20 0 10 23 1 14 26 2
1565.88 3 28 0 2 27 1 0 24 2
1567.88 2 25 0 4 22 1 7 20 2
1567.88 10 30 0 11 27 1 13 24 2
1570.88 6 30 0 3 31 1 0 31 2
1571.88 13 30 0 11 27 1 9 26 2
1571.88 12 30 0 12 28 1 14 27 2
1572.88 15 21 0 14 21 1 12 21 2
1574.88 1 20 0 1 22 1 1 24 2
1574.88 1 23 0 0 19 1 0 16 2
1575.88 6 20 0 8 20 1 10 21 2
1576.88 11 26 0 12 25 1 13 24 2
1576.88 11 20 0 10 17 1 9 16 2
1579.88 7 28 0 4 28 1 1 29 2
1580.88 2 17 0 3 21 1 3 26 2
1580.88 8 27 0 4 25 1 0 24 2
1581.88 1 22 0 11 22 1 1 22 2
1582.88 8 29 0 7 26 1 6 24 2
1582.88 10 20 0 10 20 1 10 20 2
1582.88 8 29 0 8 24 1 15 16 2
1583.88 8 20 0 9 21 1 14 22 2
1588.88 4 31 0 4 30 1 5 28 2
1591.88 7 31 0 6 29 1 5 28 2
1593.88 2 16 0 2 20 1 1 26 2
1593.88 9 16 0 8 17 1 6 19 2
1595.88 13 31 0 9 20 1 0 26 2
1595.88 11 29 0 10 23 1 6 17 2
1598.88 2 30 0 1 31 1 0 31 2
1602.88 10 28 0 7 29 1 3 30 2
1602.88 1 21 0 2 24 1 3 27 2
1604.88 12 23 0 12 31 1 12 28 2
1608.88 3 26 0 3 28 1 3 31 2
1608.88 1 26 0 3 22 1 5 18 2
1608.88 7 20 0 13 22 1 15 23 2
1608.88 11 22 0 7 22 1 3 23 2
1610.88 7 18 0 9 17 1 11 18 2
1610.88 2 20 0 5 19 1 8 21 2
1612.88 6 28 0 4 22 1 3 27 2
1613.88 11 17 0 12 16 1 14 16 2
1615.88 1 18 0 2 17 1 3 18 2
1616.88 7 23 0 5 25 1 3 27 2
1617.88 1 25 0 6 19 1 11 16 2
1619.88 11 29 0 7 29 1 3 29 2
1620.88 11 28 0 7 25 1 3 22 2
1620.88 3 19 0 3 21 1 3 24 2
1620.88 12 25 0 12 21 1 12 17 2
1621.88 13 29 0 12 24 1 10 20 2
1625.88 5 20 0 5 21 1 6 22 2
1625.88 15 23 0 9 26 1 3 22 2
1626.88 5 31 0 9 30 1 10 27 2
1626.88 5 26 0 4 21 1 3 17 2
1628.88 15 17 0 7 23 1 0 29 2
1630.88 5 19 0 12 24 1 14 23 2
1630.88 12 21 0 12 20 1 12 19 2
1634.88 11 22 0 10 21 1 10 21 2
1634.88 8 25 0 8 24 1 8 24 2
1636.88 6 21 0 7 19 1 8 19 2
1636.88 7 27 0 9 26 1 12 24 2
1637.88 12 19 0 11 18 1 10 17 2
1637.88 2 22 0 3 16 1 3 29 2
1641.88 1 26 0 2 20 1 4 16 2
1641.88 4 24 0 3 21 1 1 26 2
1641.88 9 19 0 5 20 1 2 21 2
1641.88 8 21 0 12 20 1 15 20 2
1644.88 15 16 0 14 16 1 13 17 2
1645.88 9 31 0 5 30 1 6 30 2
1647.88 5 29 0 6 31 1 7 26 2
1649.88 9 24 0 8 22 1 7 19 2
1650.88 5 22 0 3 20 1 1 18 2
1650.88 13 19 0 10 24 1 6 29 2
1650.88 5 28 0 3 25 1 2 23 2
1651.88 9 26 0 11 26 1 12 23 2
1651.88 8 31 0 8 25 1 9 19 2
1651.88 5 30 0 4 28 1 3 26 2
1653.88 14 23 0 14 19 1 14 16 2
1653.88 2 25 0 3 20 1 4 16 2
1654.88 9 28 0 10 27 1 11 26 2
1655.88 10 22 0 10 26 1 11 30 2
1659.88 1 25 0 4 22 1 8 19 2
1661.88 7 30 0 9 30 1 10 31 2
1661.88 5 27 0 4 23 1 4 20 2
1664.88 11 17 0 12 18 1 15 22 2
1664.88 4 27 0 6 26 1 9 24 2
1665.88 15 20 0 13 19 1 10 19 2
1666.88 1 28 0 1 30 1 4 30 2
1666.88 5 30 0 3 31 1 0 31 2
1666.88 12 22 0 11 24 1 10 27 2
1668.88 6 24 0 5 25 1 3 28 2
1668.88 11 28 0 10 27 1 9 26 2
1668.88 5 29 0 3 23 1 1 17 2
1673.88 15 24 0 13 24 1 11 23 2
1674.88 5 27 0 7 26 1 9 26 2
1674.88 9 21 0 6 20 1 2 19 2
1675.88 6 31 0 6 23 1 6 16 2
1678.88 8 28 0 4 28 1 1 28 2
1678.88 5 22 0 9 21 1 12 21 2
1678.88 5 24 0 13 25 1 11 26 2
1681.88 13 28 0 9 25 1 4 21 2
1683.88 9 16 0 9 17 1 11 20 2
1685.88 3 27 0 6 26 1 9 26 2
1685.88 10 22 0 10 23 1 9 24 2
1687.88 14 24 0 15 23 1 15 21 2
1687.88 6 28 0 6 25 1 7 22 2
1688.88 2 25 0 1 25 1 2 22 2
1690.88 12 26 0 11 25 1 10 24 2
1692.88 10 24 0 11 23 1 12 22 2
1692.88 7 27 0 5 25 1 14 27 2
1693.88 6 31 0 6 31 1 5 31 2
1693.88 9 30 0 9 30 1 9 29 2
1694.88 15 25 0 12 26 1 12 28 2
1695.88 12 24 0 9 29 1 3 28 2
1696.88 5 21 0 4 19 1 4 24 2
1696.88 7 21 0 2 21 1 1 24 2
1698.88 6 17 0 5 18 1 6 21 2
1698.88 10 31 0 10 30 1 11 29 2
1699.88 10 16 0 10 18 1 10 21 2
1699.88 10 23 0 11 25 1 11 27 2
1700.88 12 25 0 9 25 1 8 20 2
1701.88 12 25 0 7 20 1 2 8 2
1705.88 10 26 0 7 21 1 4 16 2
1706.88 13 29 0 12 26 1 10 24 2
1707.88 8 26 0 7 24 1 6 21 2
1708.88 8 16 0 7 21 1 6 26 2
1708.88 4 20 0 3 18 1 3 17 2
1709.88 6 26 0 9 26 1 13 27 2
1712.88 4 19 0 2 21 1 7 18 2
1715.88 6 17 0 8 24 1 10 31 2
1715.88 6 25 0 10 21 1 13 24 2
1717.88 5 26 0 8 27 1 12 29 2
1717.88 13 30 0 13 29 1 13 27 2
1718.88 13 21 0 8 26 1 2 31 2
1719.88 12 19 0 8 19 1 6 21 2
1720.88 11 27 0 12 28 1 13 29 2
1722.88 3 21 0 3 21 1 4 21 2
1724.88 2 17 0 5 17 1 8 18 2
1724.88 2 30 0 7 31 1 7 31 2
1725.88 13 17 0 12 18 1 12 19 2
1726.88 10 26 0 9 25 1 8 24 2
1727.88 8 24 0 14 21 1 2 18 2
1730.88 3 27 0 3 25 1 2 23 2
1730.88 2 20 0 3 18 1 4 18 2
1730.88 5 19 0 10 21 1 15 23 2
1730.88 1 9 0 4 21 1 7 24 2
1730.88 10 19 0 9 19 1 11 19 2
1731.88 12 16 0 14 19 1 11 21 2
1732.88 3 22 0 4 22 1 5 24 2
1734.88 5 18 0 6 20 1 8 22 2
1739.88 13 29 0 10 26 1 7 23 2
1739.88 13 16 0 11 20 1 9 28 2
1743.88 13 29 0 11 28 1 10 27 2
1743.88 15 16 0 12 16 1 10 16 2
1743.88 15 29 0 11 24 1 5 24 2
1744.88 5 21 0 3 22 1 2 24 2
1745.88 13 23 0 13 25 1 12 28 2
1745.88 11 20 0 5 18 1 7 16 2
1745.88 13 24 0 10 25 1 7 27 2
1746.88 5 28 0 5 28 1 4 29 2
1747.88 10 22 0 11 22 1 11 23 2
1751.88 11 31 0 13 29 1 14 28 2
1751.88 7 16 0 7 17 1 8 19 2
1752.88 6 21 0 9 24 1 12 28 2
1754.88 15 17 0 14 16 1 14 17 2
1760.88 14 22 0 12 24 1 9 26 2
1760.88 5 28 0 5 24 1 4 19 2
1761.88 4 30 0 7 30 1 9 30 2
1763.88 6 22 0 3 22 1 1 24 2
1763.88 8 23 0 6 19 1 5 16 2
1764.88 2 20 0 1 21 1 1 22 2
1764.88 13 27 0 12 26 1 11 26 2
1764.88 9 18 0 6 19 1 3 22 2
1764.88 13 22 0 8 25 1 3 28 2
1769.88 8 20 0 6 20 1 5 21 2
1769.88 2 16 0 2 23 1 2 29 2
1769.88 5 25 0 4 20 1 2 17 2
1770.88 13 19 0 14 17 1 14 16 2
1770.88 5 21 0 4 30 1 3 22 2
1771.88 10 26 0 8 26 1 5 27 2
1771.88 11 29 0 6 22 1 0 16 2
1773.88 7 31 0 5 30 1 2 29 2
1773.88 9 28 0 7 29 1 5 29 2
1773.88 9 23 0 10 27 1 11 31 2
1773.88 8 29 0 12 27 1 15 26 2
1773.88 8 26 0 8 29 1 8 31 2
1776.88 12 19 0 13 20 1 15 20 2
1779.88 10 20 0 12 20 1 3 22 2
1784.88 1 28 0 8 30 1 14 29 2
1784.88 6 17 0 3 18 1 1 20 2
1785.88 6 23 0 5 24 1 4 24 2
1789.88 3 20 0 2 20 1 1 22 2
1791.88 7 27 0 11 29 1 15 31 2
1791.88 12 23 0 12 20 1 12 17 2
1793.88 1 23 0 1 22 1 1 22 2
1794.88 6 19 0 3 19 1 0 20 2
1794.88 13 29 0 13 28 1 12 27 2
1795.88 13 28 0 3 28 1 0 27 2
1796.88 3 25 0 5 27 1 7 30 2
1796.88 9 19 0 5 18 1 1 18 2
1797.88 13 28 0 13 29 1 12 31 2
1798.88 15 26 0 8 27 1 0 29 2
1798.88 15 25 0 14 29 1 13 19 2
1799.88 2 19 0 3 20 1 4 22 2
1800.88 14 23 0 11 26 1 9 29 2
1801.88 15 26 0 14 23 1 12 20 2
1801.88 7 21 0 6 21 1 6 23 2
1801.88 15 24 0 15 24 1 15 24 2
1801.88 7 23 0 9 20 1 11 17 2
1801.88 7 25 0 5 24 1 2 24 2
1802.88 15 17 0 15 16 1 14 17 2
1803.88 1 22 0 4 16 1 9 21 2
1806.88 12 25 0 12 21 1 12 18 2
1807.88 12 28 0 9 28 1 7 28 2
1808.88 8 23 0 11 21 1 15 20 2
1813.88 2 19 0 6 24 1 9 31 2
1813.88 11 25 0 10 27 1 8 30 2
1815.88 13 20 0 13 20 1 10 21 2
1815.88 3 27 0 5 29 1 7 31 2
1817.88 3 29 0 6 27 1 9 26 2
1817.88 1 29 0 2 19 1 6 27 2
1820.88 8 26 0 6 28 1 3 31 2
1824.88 13 23 0 6 26 1 3 30 2
1826.88 6 27 0 11 22 1 15 17 2
1826.88 3 16 0 4 21 1 6 28 2
1827.88 15 29 0 14 27 1 14 26 2
1827.88 10 27 0 11 26 1 14 29 2
1828.88 1 21 0 5 20 1 6 20 2
1830.88 7 21 0 11 18 1 14 30 2
1833.88 11 22 0 13 24 1 15 27 2
1834.88 12 16 0 12 23 1 12 31 2
1835.88 1 20 0 1 19 1 0 17 2
1836.88 5 30 0 5 28 1 4 26 2
1837.88 2 17 0 3 19 1 4 23 2
1838.88 3 25 0 6 21 1 9 19 2
1838.88 7 30 0 5 30 1 4 31 2
1840.88 2 29 0 3 26 1 10 22 2
1840.88 12 16 0 12 17 1 11 17 2
1840.88 9 27 0 11 25 1 12 23 2
1842.88 3 16 0 7 17 1 10 20 2
1842.88 6 20 0 9 20 1 12 21 2
1842.88 4 27 0 2 29 1 1 31 2
1843.88 5 20 0 6 20 1 8 20 2
1843.88 9 23 0 9 23 1 9 23 2
1844.88 6 26 0 5 27 1 5 27 2
1844.88 8 22 0 9 25 1 11 28 2
1845.88 1 24 0 7 21 1 13 19 2
1846.88 2 23 0 4 26 1 4 28 2
1846.88 10 25 0 9 20 1 7 16 2
1846.88 14 17 0 11 16 1 7 16 2
1848.88 4 29 0 4 26 1 4 23 2
1852.88 4 28 0 5 27 1 7 26 2
1856.88 13 21 0 10 22 1 6 23 2
1860.88 1 21 0 5 19 1 8 17 2
1861.88 10 31 0 8 30 1 6 28 2
1861.88 3 25 0 3 26 1 4 28 2
1863.88 8 29 0 11 29 1 13 29 2
1865.88 12 30 0 14 28 1 15 27 2
1866.88 11 19 0 12 17 1 12 16 2
1866.88 11 21 0 9 25 1 8 28 2
1869.88 8 24 0 7 24 1 7 24 2
1869.88 13 18 0 6 19 1 7 22 2
1871.88 10 20 0 10 25 1 10 30 2
1871.88 15 30 0 14 31 1 13 31 2
1872.88 14 31 0 14 25 1 15 20 2
1872.88 13 22 0 11 21 1 8 21 2
1873.88 15 19 0 12 21 1 9 24 2
1877.88 7 28 0 5 29 1 2 29 2
1878.88 8 24 0 11 21 1 13 19 2
1882.88 11 30 0 7 28 1 2 26 2
1883.88 7 16 0 10 17 1 13 19 2
1885.88 13 22 0 13 25 1 14 29 2
1889.88 13 30 0 11 29 1 9 28 2
1890.88 11 22 0 3 21 1 8 22 2
1891.88 4 21 0 5 22 1 6 24 2
1891.88 11 20 0 9 21 1 7 23 2
1892.88 13 30 0 12 30 1 11 31 2
1896.88 1 26 0 3 22 1 4 19 2
1897.88 7 25 0 8 26 1 8 26 2
1900.88 10 17 0 7 17 1 4 17 2
1901.88 6 24 0 6 24 1 6 24 2
1902.88 14 18 0 13 21 1 12 24 2
1903.88 15 23 0 4 29 1 15 24 2
1903.88 8 27 0 7 28 1 5 29 2
1905.88 9 16 0 12 16 1 15 16 2
1906.88 12 21 0 6 20 1 1 22 2
1906.88 8 28 0 7 25 1 7 22 2
1906.88 13 29 0 13 29 1 14 29 2
1906.88 9 25 0 6 25 1 2 26 2
1907.88 3 29 0 3 23 1 2 17 2
1910.88 4 29 0 5 28 1 7 27 2
1910.88 3 22 0 2 24 1 0 27 2
1910.88 13 19 0 14 27 1 15 28 2
1911.88 10 24 0 9 23 1 7 22 2
1912.88 9 29 0 10 27 1 11 26 2
1912.88 12 26 0 8 26 1 4 30 2
1913.88 11 27 0 12 25 1 15 31 2
1913.88 11 20 0 12 17 1 12 16 2
1914.88 15 16 0 13 18 1 12 20 2
1915.88 12 20 0 8 23 1 4 27 2
1915.88 1 8 0 6 23 1 12 21 2
1918.88 3 26 0 5 26 1 8 27 2
1918.88 6 29 0 4 28 1 1 27 2
1920.88 11 28 0 9 28 1 8 29 2
1920.88 5 16 0 5 16 1 4 16 2
1921.88 5 28 0 5 29 1 4 30 2
1922.88 7 16 0 8 19 1 10 21 2
1922.88 13 27 0 13 28 1 13 29 2
1923.88 4 18 0 1 20 1 2 24 2
1924.88 12 21 0 13 20 1 15 19 2
1924.88 6 25 0 8 22 1 11 19 2
1925.88 8 25 0 6 22 1 4 20 2
1926.88 15 19 0 5 19 1 7 19 2
1926.88 6 22 0 7 28 1 7 30 2
1928.88 1 24 0 3 22 1 4 21 2
1930.88 5 21 0 7 20 1 8 20 2
1930.88 5 28 0 7 29 1 10 31 2
1933.88 9 17 0 12 20 1 15 23 2
1933.88 4 29 0 6 29 1 8 30 2
1933.88 3 20 0 6 21 1 9 21 2
1934.88 13 20 0 14 25 1 15 31 2
1936.88 8 23 0 11 23 1 14 24 2
1938.88 15 27 0 15 29 1 15 30 2
1938.88 14 17 0 8 20 1 3 24 2
1938.88 5 22 0 13 17 1 8 24 2
1940.88 3 18 0 2 17 1 0 17 2
1940.88 8 19 0 9 23 1 11 28 2
1941.88 1 20 0 2 19 1 2 19 2
1945.88 15 21 0 10 23 1 5 22 2
1945.88 7 28 0 8 20 1 6 24 2
1946.88 13 20 0 13 21 1 13 23 2
1947.88 15 20 0 12 21 1 8 24 2
1951.88 6 20 0 8 19 1 9 19 2
1952.88 9 25 0 0 23 1 1 22 2
1953.88 9 26 0 8 27 1 7 29 2
1954.88 8 22 0 8 19 1 9 17 2
1954.88 4 21 0 4 23 1 4 26 2
1957.88 4 21 0 3 20 1 1 20 2
1960.88 4 16 0 4 17 1 5 19 2
1961.88 6 30 0 6 29 1 5 28 2
1962.88 14 21 0 14 24 1 14 27 2
1963.88 15 20 0 15 21 1 14 23 2
1963.88 2 29 0 5 27 1 8 24 2
1963.88 15 18 0 15 23 1 14 29 2
1965.88 3 16 0 3 18 1 4 21 2
1965.88 9 19 0 9 18 1 8 18 2
1966.88 11 20 0 13 20 1 15 20 2
1967.88 2 28 0 4 28 1 6 27 2
1967.88 10 26 0 10 28 1 10 31 2
1969.88 3 17 0 7 16 1 12 16 2
1970.88 5 28 0 3 29 1 3 31 2
1971.88 3 28 0 2 31 1 1 18 2
1971.88 11 20 0 6 23 1 1 26 2
1973.88 14 19 0 10 20 1 6 22 2
1973.88 9 23 0 10 20 1 11 18 2
1974.88 2 22 0 2 25 1 2 27 2
1976.88 1 19 0 7 24 1 11 31 2
1977.88 7 21 0 6 22 1 6 23 2
1977.88 7 19 0 5 18 1 2 17 2
1977.88 13 26 0 14 24 1 15 22 2
1980.88 13 27 0 9 26 1 5 26 2
1980.88 11 26 0 9 28 1 5 7 2
1981.88 3 22 0 1 21 1 0 21 2
1981.88 5 24 0 5 23 1 5 22 2
1981.88 9 20 0 11 23 1 13 27 2
1982.88 9 19 0 2 21 1 10 24 2
1983.88 13 25 0 13 26 1 13 27 2
1985.88 13 23 0 8 19 1 3 16 2
1985.88 6 22 0 4 24 1 2 27 2
1985.88 11 22 0 11 20 1 11 18 2
1986.88 15 25 0 14 27 1 13 30 2
1986.88 6 17 0 6 16 1 6 16 2
1986.88 3 19 0 5 27 1 6 30 2
1986.88 7 19 0 7 20 1 6 22 2
1988.88 10 21 0 10 25 1 11 29 2
1988.88 14 16 0 9 21 1 4 27 2
1989.88 7 17 0 8 19 1 9 22 2
1990.88 8 22 0 8 24 1 11 28 2
1993.88 8 16 0 9 16 1 10 16 2
1993.88 5 25 0 4 23 1 4 24 2
1994.88 9 28 0 10 16 1 0 20 2
1996.88 5 25 0 3 22 1 1 20 2
1997.88 15 21 0 15 20 1 15 18 2
1998.88 13 19 0 9 23 1 5 27 2
1998.88 4 24 0 4 23 1 5 22 2
1999.88 10 30 0 9 29 1 7 28 2
2002.88 7 20 0 6 18 1 6 17 2
2004.88 1 21 0 7 25 1 12 30 2
2004.88 7 17 0 8 17 1 9 17 2
2005.88 11 30 0 11 30 1 11 29 2
2006.88 4 21 0 7 20 1 10 22 2
2009.88 8 19 0 8 17 1 9 16 2
2009.88 1 28 0 8 29 1 15 30 2
2009.88 13 17 0 10 24 1 11 29 2
2010.88 11 23 0 11 25 1 11 28 2
2012.88 5 26 0 5 24 1 4 23 2
2012.88 8 25 0 3 23 1 1 21 2
2013.88 12 28 0 7 26 1 4 28 2
2016.88 8 25 0 9 27 1 10 28 2
2017.88 4 16 0 4 16 1 3 16 2
2018.88 14 19 0 14 24 1 14 19 2
2019.88 10 28 0 4 25 1 14 23 2
2019.88 4 21 0 5 20 1 5 20 2
2020.88 7 16 0 8 21 1 8 27 2
2021.88 8 24 0 4 26 1 4 28 2
2021.88 2 24 0 6 25 1 14 27 2
2022.88 4 27 0 10 28 1 15 29 2
2022.88 11 26 0 13 28 1 14 31 2
2022.88 15 30 0 15 29 1 15 23 2
2022.88 9 31 0 11 31 1 13 30 2
2024.88 2 17 0 6 16 1 5 16 2
2025.88 7 17 0 7 17 1 8 18 2
2025.88 11 25 0 9 24 1 5 26 2
2026.88 5 17 0 7 19 1 9 22 2
2026.88 14 16 0 11 21 1 8 26 2
2028.88 13 20 0 10 17 1 7 26 2
2032.88 11 20 0 8 18 1 5 17 2
2032.88 4 23 0 8 26 1 13 29 2
2033.88 6 27 0 3 27 1 1 27 2
2035.88 15 19 0 15 17 1 15 16 2
2035.88 10 22 0 9 22 1 8 22 2
2037.88 12 23 0 10 23 1 9 24 2
2037.88 6 21 0 8 21 1 10 21 2
2040.88 10 21 0 5 18 1 4 16 2
2040.88 9 20 0 8 18 1 7 18 2
2040.88 15 31 0 10 24 1 5 17 2
2040.88 10 17 0 9 17 1 8 18 2
2041.88 13 16 0 9 22 1 10 17 2
2044.88 10 29 0 5 24 1 0 19 2
2044.88 6 31 0 15 25 1 11 18 2
2045.88 13 23 0 7 22 1 6 23 2
2045.88 6 26 0 4 25 1 3 24 2
2050.88 8 30 0 11 28 1 14 26 2
2050.88 4 27 0 6 29 1 8 31 2
2050.88 4 24 0 8 23 1 12 22 2
2051.88 4 24 0 9 24 1 14 24 2
2052.88 9 26 0 10 27 1 11 28 2
2054.88 4 28 0 4 26 1 3 24 2
2055.88 8 30 0 10 26 1 12 22 2
2056.88 14 18 0 14 21 1 15 24 2
2056.88 4 25 0 8 26 1 15 23 2
2057.88 12 24 0 12 22 1 12 20 2
2059.88 13 27 0 11 28 1 9 30 2
2061.88 5 30 0 8 31 1 11 31 2
2061.88 6 31 0 11 25 1 15 20 2
2062.88 13 25 0 12 23 1 11 21 2
2062.88 2 31 0 4 27 1 6 24 2
2063.88 1 16 0 3 17 1 4 18 2
2065.88 9 27 0 7 22 1 6 17 2
2067.88 8 17 0 10 17 1 13 18 2
2067.88 9 17 0 9 16 1 7 18 2
2070.88 10 23 0 9 25 1 8 28 2
2070.88 12 27 0 11 28 1 10 31 2
2071.88 8 25 0 8 23 1 8 22 2
2071.88 11 21 0 5 23 1 0 26 2
2073.88 2 29 0 5 26 1 13 27 2
2074.88 6 24 0 10 25 1 15 26 2
2075.88 5 29 0 5 29 1 4 28 2
2076.88 5 25 0 10 24 1 14 23 2
2076.88 7 23 0 7 25 1 7 28 2
2076.88 8 22 0 10 21 1 11 20 2
2078.88 8 30 0 4 29 1 0 29 2
2078.88 9 28 0 11 29 1 12 30 2
2080.88 11 30 0 11 29 1 11 28 2
2080.88 3 27 0 4 23 1 6 19 2
2082.88 6 29 0 6 29 1 6 30 2
2087.88 6 17 0 8 18 1 10 20 2
2089.88 4 20 0 4 22 1 5 24 2
2090.88 15 18 0 10 20 1 5 22 2
2092.88 7 29 0 4 30 1 0 30 2
2092.88 8 25 0 8 21 1 8 18 2
2097.88 5 25 0 8 24 1 11 23 2
2098.88 5 24 0 6 23 1 8 23 2
2098.88 12 26 0 9 24 1 9 23 2
2098.88 2 22 0 2 24 1 2 26 2
2099.88 7 25 0 6 23 1 5 22 2
2099.88 4 19 0 3 19 1 2 21 2
2099.88 6 29 0 4 22 1 3 19 2
2100.88 6 21 0 5 16 1 4 17 2
2102.88 3 21 0 3 20 1 4 20 2
2104.88 1 29 0 3 26 1 4 27 2
2104.88 12 31 0 13 28 1 15 24 2
2104.88 8 19 0 10 19 1 12 18 2
2107.88 4 24 0 3 24 1 3 24 2
2107.88 3 17 0 11 17 1 5 19 2
2108.88 4 18 0 4 21 1 3 26 2
2108.88 6 26 0 8 22 1 9 19 2
2109.88 13 28 0 13 29 1 12 31 2
2111.88 14 25 0 14 24 1 14 23 2
2112.88 12 25 0 13 23 1 15 21 2
2113.88 6 27 0 5 25 1 4 21 2
2113.88 10 26 0 13 23 1 15 21 2
2114.88 12 21 0 9 19 1 7 17 2
2115.88 2 17 0 4 17 1 6 17 2
2116.88 5 22 0 4 25 1 4 28 2
2116.88 13 26 0 10 26 1 8 26 2
2116.88 15 16 0 14 19 1 13 23 2
2116.88 7 21 0 10 20 1 13 18 2
2118.88 15 27 0 13 24 1 10 18 2
2118.88 11 22 0 11 22 1 12 24 2
2118.88 6 27 0 10 25 1 14 24 2
2119.88 5 26 0 7 24 1 9 21 2
2119.88 3 21 0 3 24 1 3 27 2
2125.88 2 16 0 4 19 1 6 24 2
2126.88 7 30 0 5 27 1 4 24 2
2126.88 5 21 0 5 19 1 5 18 2
2127.88 8 19 0 5 20 1 2 22 2
2127.88 7 28 0 9 28 1 11 28 2
2128.88 9 25 0 7 26 1 5 27 2
2129.88 8 22 0 8 26 1 8 30 2
2132.88 10 29 0 7 29 1 3 29 2
2132.88 14 20 0 14 23 1 14 26 2
2133.88 1 16 0 6 22 1 11 27 2
2133.88 8 21 0 9 24 1 9 27 2
2133.88 9 17 0 8 16 1 7 16 2
2135.88 9 29 0 5 23 1 0 17 2
2141.88 4 28 0 5 25 1 7 22 2
2142.88 15 19 0 7 21 1 9 24 2
2144.88 1 23 0 2 21 1 4 19 2
2145.88 13 26 0 7 28 1 1 29 2
2146.88 4 25 0 3 22 1 3 21 2
2149.88 8 16 0 5 18 1 1 21 2
2151.88 12 28 0 10 24 1 9 20 2
2152.88 6 27 0 4 27 1 3 28 2
2153.88 11 27 0 11 24 1 10 22 2
2154.88 6 22 0 3 25 1 0 29 2
2154.88 11 21 0 7 18 1 3 16 2
2155.88 15 17 0 15 16 1 15 16 2
2157.88 9 22 0 9 21 1 10 21 2
2157.88 2 26 0 2 28 1 1 30 2
2158.88 11 22 0 6 22 1 1 23 2
2158.88 12 24 0 13 24 1 14 24 2
2159.88 8 25 0 5 27 1 5 29 2
2159.88 10 26 0 11 24 1 12 23 2
2159.88 7 17 0 6 17 1 5 18 2
2160.88 8 19 0 4 20 1 11 22 2
2160.88 10 20 0 13 20 1 8 21 2
2161.88 7 30 0 13 26 1 15 27 2
2165.88 7 20 0 5 19 1 3 19 2
2165.88 5 30 0 7 29 1 8 29 2
2165.88 4 28 0 3 28 1 10 29 2
2166.88 4 31 0 5 31 1 5 31 2
2167.88 5 21 0 6 18 1 7 16 2
2167.88 1 18 0 0 18 1 0 17 2
2170.88 9 26 0 10 27 1 10 28 2
2171.88 5 24 0 3 26 1 1 29 2
2171.88 11 30 0 8 28 1 6 27 2
2171.88 12 28 0 13 27 1 14 27 2
2175.88 2 23 0 2 26 1 2 30 2
2178.88 14 29 0 10 28 1 6 27 2
2178.88 11 18 0 11 19 1 10 20 2
2179.88 11 18 0 12 19 1 13 21 2
2180.88 10 20 0 11 23 1 12 20 2
2182.88 9 30 0 10 27 1 12 24 2
2184.88 12 31 0 14 29 1 15 26 2
2184.88 6 23 0 7 23 1 8 16 2
2186.88 4 19 0 3 20 1 2 22 2
2190.88 7 18 0 9 21 1 11 24 2
2191.88 4 26 0 4 28 1 4 30 2
2191.88 9 18 0 10 18 1 11 19 2
2193.88 9 22 0 9 18 1 12 18 2
2193.88 7 17 0 7 20 1 6 24 2
2196.88 2 27 0 1 23 1 1 21 2
2196.88 6 20 0 5 20 1 4 19 2
2197.88 5 25 0 6 20 1 7 16 2
2197.88 4 25 0 5 27 1 7 28 2
2201.88 6 17 0 10 19 1 14 21 2
2203.88 9 27 0 8 25 1 7 23 2
2207.88 5 24 0 4 25 1 2 27 2
2208.88 10 23 0 12 22 1 14 20 2
2209.88 2 19 0 4 18 1 3 16 2
2210.88 2 26 0 5 25 1 9 24 2
2210.88 13 19 0 9 21 1 5 24 2
2211.88 10 17 0 6 17 1 3 17 2
2213.88 9 25 0 5 22 1 1 19 2
2213.88 7 28 0 7 25 1 8 22 2
2218.88 6 31 0 7 30 1 6 29 2
2219.88 9 21 0 8 20 1 8 20 2
2219.88 13 31 0 7 31 1 0 31 2
2219.88 6 25 0 7 22 1 8 20 2
2220.88 12 22 0 10 23 1 8 24 2
2220.88 10 24 0 0 23 1 0 22 2
2220.88 6 30 0 0 28 1 3 26 2
2222.88 9 17 0 10 21 1 11 24 2
2223.88 8 21 0 1 25 1 9 20 2
2223.88 12 24 0 11 21 1 10 18 2
2223.88 6 21 0 5 24 1 4 27 2
2225.88 10 26 0 9 24 1 8 23 2
2225.88 15 17 0 12 16 1 9 16 2
2225.88 6 18 0 6 23 1 7 28 2
2226.88 3 22 0 5 19 1 8 16 2
2227.88 5 26 0 8 22 1 10 17 2
2229.88 7 18 0 4 19 1 2 20 2
2230.88 7 22 0 9 21 1 11 20 2
2231.88 6 22 0 7 23 1 9 24 2
2232.88 13 30 0 13 31 1 13 31 2
2233.88 9 22 0 8 22 1 8 22 2
2233.88 11 20 0 9 17 1 6 16 2
2236.88 1 29 0 2 30 1 3 31 2
2236.88 15 21 0 12 22 1 9 24 2
2237.88 11 26 0 10 22 1 10 19 2
2237.88 15 17 0 11 17 1 6 19 2
2238.88 11 28 0 9 22 1 7 17 2
2242.88 15 25 0 14 20 1 12 19 2
2242.88 13 31 0 10 30 1 7 30 2
2242.88 5 18 0 2 17 1 0 17 2
2244.88 5 31 0 6 30 1 7 27 2
2244.88 12 28 0 11 28 1 11 28 2
2244.88 9 25 0 10 28 1 11 31 2
2244.88 3 25 0 8 24 1 12 23 2
2244.88 8 18 0 8 20 1 9 20 2
2245.88 12 30 0 13 30 1 13 30 2
2245.88 5 28 0 4 24 1 3 19 2
2246.88 6 30 0 9 28 1 13 26 2
2249.88 8 26 0 6 26 1 5 24 2
2250.88 13 19 0 10 24 1 6 30 2
2250.88 10 20 0 10 19 1 10 18 2
2252.88 8 21 0 8 19 1 9 17 2
2253.88 6 25 0 10 26 1 14 28 2
2255.88 11 27 0 9 27 1 7 27 2
2255.88 7 19 0 2 17 1 11 16 2
2256.88 8 18 0 5 18 1 1 19 2
2258.88 9 19 0 12 19 1 15 20 2
2258.88 7 26 0 8 21 1 8 17 2
2261.88 12 27 0 10 28 1 9 29 2
2262.88 7 21 0 8 20 1 9 20 2
2263.88 14 31 0 11 31 1 8 31 2
2263.88 8 30 0 6 29 1 5 31 2
2263.88 15 31 0 15 29 1 14 27 2
2263.88 9 26 0 9 24 1 8 23 2
2264.88 12 30 0 11 25 1 10 21 2
2265.88 9 23 0 7 22 1 9 19 2
2265.88 12 24 0 10 23 1 6 23 2
2267.88 3 28 0 5 27 1 6 27 2
2270.88 6 18 0 6 31 1 4 26 2
2270.88 15 16 0 14 18 1 13 20 2
2272.88 8 17 0 8 19 1 7 22 2
2272.88 7 23 0 9 22 1 12 21 2
2274.88 11 31 0 12 29 1 13 27 2
2275.88 8 23 0 7 23 1 6 17 2
2275.88 11 21 0 13 21 1 14 22 2
2276.88 3 23 0 11 22 1 7 22 2
2279.88 8 21 0 10 20 1 11 19 2
2280.88 12 24 0 13 23 1 15 22 2
2280.88 9 24 0 8 25 1 8 26 2
2281.88 5 25 0 8 26 1 10 28 2
2281.88 3 30 0 5 27 1 7 24 2
2282.88 15 25 0 10 23 1 6 21 2
2283.88 4 25 0 4 24 1 3 24 2
2284.88 6 28 0 5 23 1 4 19 2
2284.88 13 30 0 10 23 1 10 18 2
2284.88 8 24 0 7 24 1 7 23 2
2285.88 1 20 0 2 20 1 2 20 2
2288.88 14 29 0 10 25 1 5 20 2
2288.88 2 31 0 7 28 1 11 26 2
2289.88 7 22 0 4 19 1 0 19 2
2289.88 1 23 0 4 26 1 6 30 2
2289.88 11 24 0 8 21 1 3 28 2
2289.88 11 23 0 11 18 1 7 21 2
2291.88 10 19 0 9 21 1 8 23 2
2291.88 13 29 0 11 29 1 13 30 2
2293.88 10 20 0 9 24 1 9 28 2
2297.88 11 28 0 7 28 1 4 29 2
2298.88 1 25 0 2 23 1 2 21 2
2299.88 7 19 0 5 20 1 3 23 2
2300.88 14 24 0 12 22 1 10 22 2
2300.88 4 19 0 8 23 1 12 28 2
2305.88 3 22 0 2 26 1 2 31 2
2308.88 7 27 0 10 31 1 13 26 2
2308.88 5 22 0 13 26 1 14 27 2
2312.88 2 19 0 3 25 1 3 31 2
2312.88 4 25 0 7 25 1 10 24 2
2313.88 5 18 0 4 18 1 2 18 2
2315.88 5 28 0 5 24 1 5 20 2
2318.88 11 17 0 13 18 1 15 20 2
2319.88 5 19 0 4 22 1 3 26 2
2319.88 12 21 0 12 21 1 12 22 2
2320.88 6 31 0 9 29 1 12 26 2
2321.88 6 16 0 7 17 1 8 19 2
2324.88 15 24 0 11 20 1 5 17 2
2325.88 1 29 0 4 7 1 8 27 2
2328.88 13 31 0 11 26 1 9 23 2
2328.88 4 30 0 5 30 1 6 31 2
2333.88 13 27 0 12 26 1 4 12 2
2333.88 15 30 0 14 27 1 13 24 2
2335.88 10 20 0 11 20 1 12 21 2
2336.88 9 17 0 10 21 1 11 24 2
2336.88 3 26 0 3 26 1 4 27 2
2337.88 11 19 0 9 23 1 7 29 2
2341.88 8 18 0 8 19 1 7 21 2
2342.88 1 30 0 2 25 1 3 21 2
2342.88 1 21 0 1 20 1 1 19 2
2342.88 8 19 0 6 26 1 5 23 2
2342.88 1 31 0 3 31 1 5 31 2
2344.88 10 27 0 6 28 1 3 29 2
2344.88 14 17 0 14 16 1 15 16 2
2344.88 12 24 0 13 23 1 14 23 2
2346.88 15 26 0 12 29 1 10 31 2
2350.88 14 19 0 14 18 1 13 18 2
2352.88 3 17 0 8 18 1 14 19 2
2353.88 7 19 0 6 21 1 6 24 2
2355.88 2 28 0 13 28 1 7 29 2
2359.88 6 21 0 10 25 1 15 29 2
2359.88 5 19 0 6 20 1 7 21 2
2360.88 15 29 0 10 30 1 6 31 2
2360.88 7 23 0 8 23 1 9 23 2
2361.88 8 17 0 9 16 1 12 30 2
2361.88 7 31 0 13 29 1 9 28 2
2363.88 13 24 0 11 25 1 8 26 2
2363.88 4 17 0 15 19 1 13 21 2
2364.88 10 28 0 12 26 1 15 24 2
2366.88 8 20 0 7 20 1 7 20 2
2366.88 8 24 0 5 22 1 1 21 2
2368.88 13 30 0 11 26 1 9 23 2
2373.88 12 31 0 12 31 1 0 19 2
2374.88 10 26 0 9 23 1 8 21 2
2375.88 14 24 0 13 24 1 11 26 2
2379.88 7 16 0 5 19 1 3 22 2
2379.88 7 22 0 13 17 1 11 23 2
2380.88 3 17 0 2 17 1 0 18 2
2381.88 1 26 0 1 20 1 1 16 2
2382.88 10 31 0 10 31 1 9 30 2
2382.88 3 24 0 5 25 1 6 27 2
2382.88 6 21 0 9 20 1 11 21 2
2383.88 11 18 0 8 20 1 5 24 2
2383.88 6 31 0 8 24 1 10 18 2
2385.88 9 22 0 10 21 1 11 20 2
2386.88 2 24 0 8 21 1 14 19 2
2386.88 11 16 0 10 21 1 8 26 2
2386.88 8 18 0 4 19 1 0 20 2
2387.88 9 18 0 4 17 1 0 16 2
2389.88 1 16 0 1 17 1 0 19 2
2390.88 3 21 0 15 19 1 12 17 2
2391.88 3 26 0 4 27 1 10 23 2
2392.88 15 26 0 14 21 1 13 16 2
2392.88 15 31 0 14 29 1 14 28 2
2392.88 10 19 0 8 17 1 5 17 2
2392.88 8 24 0 4 21 1 0 19 2
2393.88 7 24 0 7 22 1 7 20 2
2393.88 11 17 0 7 19 1 3 22 2
2394.88 9 20 0 7 19 1 5 19 2
2394.88 8 29 0 11 23 1 14 18 2
2394.88 5 22 0 4 24 1 3 27 2
2394.88 1 29 0 3 26 1 4 22 2
2394.88 1 18 0 1 20 1 1 16 2
2396.88 3 31 0 4 26 1 6 21 2
2397.88 5 21 0 6 20 1 7 20 2
2398.88 7 24 0 4 25 1 0 26 2
2402.88 5 30 0 4 29 1 2 27 2
2404.88 12 19 0 7 24 1 5 21 2
2404.88 8 26 0 7 23 1 7 21 2
2405.88 14 23 0 14 23 1 14 24 2
2405.88 4 19 0 4 23 1 14 27 2
2408.88 11 30 0 11 28 1 12 27 2
2408.88 7 28 0 9 27 1 12 27 2
2410.88 14 23 0 10 20 1 5 17 2
2410.88 8 20 0 5 23 1 2 26 2
2411.88 4 24 0 2 24 1 0 16 2
2411.88 9 22 0 8 22 1 8 24 2
2413.88 5 31 0 7 31 1 9 31 2
2415.88 9 19 0 9 17 1 9 18 2
2417.88 9 26 0 7 25 1 5 24 2
2417.88 6 31 0 4 30 1 1 30 2
2418.88 14 28 0 14 27 1 13 26 2
2421.88 8 23 0 6 22 1 5 22 2
2421.88 12 31 0 8 30 1 4 28 2
2422.88 14 21 0 11 21 1 9 21 2
2422.88 3 16 0 3 16 1 3 16 2
2423.88 4 21 0 2 23 1 1 24 2
2424.88 7 30 0 5 29 1 3 27 2
2424.88 7 17 0 6 23 1 6 29 2
2425.88 8 20 0 11 20 1 14 21 2
2426.88 4 22 0 6 26 1 7 30 2
2426.88 10 19 0 9 18 1 9 18 2
2426.88 6 25 0 6 22 1 7 19 2
2426.88 11 31 0 10 29 1 9 28 2
2427.88 6 26 0 9 28 1 12 30 2
2428.88 5 24 0 9 20 1 12 19 2
2429.88 12 16 0 3 20 1 11 19 2
2432.88 13 30 0 11 31 1 10 26 2
2432.88 2 25 0 2 20 1 2 24 2
2433.88 2 21 0 1 22 1 1 23 2
2434.88 7 16 0 9 20 1 4 24 2
2436.88 2 28 0 4 26 1 5 24 2
2436.88 11 27 0 14 23 1 9 20 2
2439.88 9 27 0 5 26 1 1 26 2
2442.88 13 28 0 9 28 1 5 29 2
2444.88 11 23 0 6 21 1 2 19 2
2444.88 5 25 0 3 26 1 0 27 2
2446.88 14 16 0 13 17 1 11 18 2
2447.88 6 26 0 10 27 1 13 29 2
2448.88 9 22 0 10 22 1 10 22 2
2450.88 11 17 0 2 20 1 4 18 2
2450.88 11 21 0 11 18 1 11 16 2
2451.88 1 19 0 6 22 1 11 24 2
2452.88 2 27 0 5 25 1 8 24 2
2452.88 4 27 0 4 25 1 3 24 2
2454.88 11 24 0 12 25 1 13 27 2
2456.88 13 31 0 12 30 1 11 29 2
2459.88 8 27 0 4 25 1 1 23 2
2462.88 12 18 0 12 18 1 11 18 2
2463.88 14 26 0 12 27 1 11 29 2
2463.88 4 19 0 7 21 1 10 23 2
2465.88 11 27 0 12 29 1 12 30 2
2466.88 2 23 0 7 21 1 11 21 2
2467.88 15 16 0 13 16 1 11 27 2
2468.88 6 22 0 3 23 1 0 24 2
2468.88 11 25 0 7 24 1 3 24 2
2469.88 2 21 0 6 17 1 9 19 2
2470.88 10 23 0 10 24 1 9 26 2
2470.88 3 24 0 5 26 1 6 28 2
2472.88 11 18 0 11 22 1 11 27 2
2472.88 6 27 0 8 27 1 10 27 2
2473.88 11 18 0 11 25 1 11 23 2
2473.88 15 20 0 14 19 1 13 19 2
2473.88 3 31 0 3 29 1 2 26 2
2474.88 12 25 0 11 27 1 10 30 2
2474.88 1 28 0 2 27 1 1 22 2
2475.88 12 24 0 9 22 1 6 20 2
2479.88 13 17 0 10 22 1 7 27 2
2480.88 15 25 0 14 27 1 13 29 2
2481.88 5 17 0 4 17 1 3 17 2
2481.88 11 28 0 12 29 1 13 31 2
2481.88 6 27 0 10 24 1 13 21 2
2482.88 10 24 0 11 20 1 12 16 2
2482.88 7 25 0 8 16 1 9 19 2
2482.88 4 26 0 2 23 1 0 21 2
2484.88 8 22 0 8 22 1 12 17 2
2485.88 4 20 0 7 17 1 7 19 2
2485.88 3 26 0 8 28 1 13 31 2
2485.88 2 25 0 4 20 1 7 17 2
2486.88 3 28 0 4 29 1 6 31 2
2488.88 13 18 0 10 24 1 6 29 2
2489.88 14 17 0 13 20 1 13 24 2
2492.88 4 27 0 7 26 1 10 26 2
2492.88 5 25 0 8 24 1 11 23 2
2492.88 1 16 0 1 17 1 0 18 2
2493.88 4 20 0 4 20 1 4 20 2
2495.88 11 17 0 10 17 1 10 18 2
2497.88 15 31 0 13 28 1 12 27 2
2497.88 6 24 0 13 20 1 9 22 2
2497.88 13 20 0 13 17 1 14 30 2
2497.88 6 28 0 4 29 1 2 24 2
2498.88 11 23 0 10 23 1 10 23 2
2499.88 14 28 0 13 26 1 9 26 2
2499.88 12 29 0 14 25 1 15 22 2
2501.88 5 16 0 8 16 1 10 17 2
2501.88 5 30 0 3 29 1 2 27 2
2503.88 6 23 0 6 26 1 6 28 2
2503.88 11 29 0 11 26 1 12 24 2
2504.88 10 27 0 12 24 1 13 21 2
2504.88 7 31 0 6 27 1 4 24 2
2505.88 6 28 0 4 29 1 2 29 2
2505.88 7 23 0 5 26 1 4 30 2
2507.88 12 23 0 12 24 1 12 26 2
2507.88 9 25 0 10 22 1 12 22 2
2508.88 11 25 0 9 26 1 7 27 2
2508.88 1 18 0 3 22 1 6 26 2
2510.88 11 17 0 1 20 1 1 24 2
2511.88 8 30 0 14 18 1 13 19 2
2511.88 4 16 0 6 16 1 7 17 2
2512.88 13 29 0 14 26 1 14 24 2
2513.88 4 26 0 6 25 1 7 24 2
2513.88 4 17 0 3 16 1 1 16 2
2514.88 1 19 0 4 20 1 7 22 2
2515.88 14 31 0 13 30 1 11 29 2
2517.88 10 18 0 13 21 1 15 24 2
2520.88 9 18 0 6 30 1 3 28 2
2520.88 13 25 0 8 22 1 3 19 2
2520.88 15 22 0 15 26 1 14 30 2
2523.88 12 26 0 11 31 1 9 30 2
2523.88 6 21 0 8 19 1 9 18 2
2525.88 5 28 0 8 27 1 10 26 2
2525.88 4 20 0 4 19 1 3 18 2
2527.88 3 31 0 2 31 1 1 31 2
2534.88 4 29 0 7 29 1 9 29 2
2535.88 7 18 0 11 16 1 12 16 2
2536.88 8 17 0 10 16 1 11 17 2
2536.88 2 29 0 4 30 1 5 31 2
2538.88 10 30 0 13 25 1 15 20 2
2539.88 3 28 0 8 25 1 13 29 2
2539.88 6 29 0 5 27 1 3 26 2
2541.88 7 27 0 7 26 1 6 26 2
2541.88 1 29 0 5 26 1 9 30 2
2543.88 15 19 0 14 24 1 14 29 2
2543.88 15 30 0 13 30 1 10 31 2
2544.88 3 29 0 7 29 1 10 30 2
2546.88 3 19 0 1 21 1 0 23 2
2548.88 6 21 0 11 22 1 15 24 2
2549.88 9 19 0 12 21 1 14 22 2
2551.88 15 25 0 11 23 1 7 21 2
2551.88 4 30 0 4 27 1 4 24 2
2551.88 1 29 0 0 21 1 3 21 2
2551.88 1 24 0 0 19 1 7 16 2
2553.88 12 21 0 13 21 1 15 22 2
2554.88 5 17 0 5 17 1 5 18 2
2554.88 6 19 0 6 19 1 6 18 2
2556.88 9 18 0 9 19 1 8 21 2
2557.88 11 23 0 8 22 1 6 21 2
2557.88 1 21 0 9 18 1 12 16 2
2558.88 4 22 0 4 22 1 3 22 2
2558.88 5 20 0 4 21 1 0 17 2
2559.88 7 21 0 7 19 1 8 18 2
2562.88 8 17 0 8 19 1 9 22 2
2563.88 7 30 0 4 29 1 2 28 2
2563.88 7 31 0 7 29 1 8 27 2
2566.88 11 25 0 9 22 1 10 19 2
2567.88 5 23 0 7 23 1 9 24 2
2567.88 3 24 0 4 25 1 6 27 2
2567.88 7 26 0 6 22 1 6 17 2
2567.88 1 20 0 3 26 1 5 29 2
2570.88 15 26 0 14 26 1 9 27 2
2570.88 11 21 0 6 19 1 2 17 2
2571.88 8 24 0 7 23 1 6 22 2
2573.88 6 22 0 5 25 1 4 29 2
2575.88 5 17 0 3 19 1 1 21 2
2578.88 2 29 0 3 24 1 4 21 2
2581.88 14 17 0 13 19 1 12 21 2
2581.88 1 23 0 2 22 1 1 22 2
2581.88 4 25 0 5 24 1 6 24 2
2581.88 7 22 0 14 18 1 15 16 2
2581.88 1 27 0 0 27 1 4 23 2
2581.88 11 27 0 10 25 1 9 24 2
2581.88 12 23 0 11 25 1 10 26 2
2584.88 5 24 0 2 20 1 0 17 2
2588.88 5 19 0 8 20 1 14 17 2
2590.88 7 25 0 6 26 1 5 28 2
2591.88 1 23 0 2 6 1 4 27 2
2591.88 4 23 0 6 22 1 8 30 2
2592.88 7 27 0 5 27 1 2 18 2
2593.88 15 25 0 15 27 1 15 30 2
2593.88 15 24 0 14 23 1 13 24 2
2593.88 11 27 0 11 23 1 11 20 2
2594.88 8 26 0 10 25 1 12 26 2
2596.88 13 20 0 10 21 1 8 21 2
2596.88 15 21 0 14 26 1 15 30 2
2597.88 5 20 0 5 20 1 5 20 2
2601.88 15 31 0 12 23 1 9 17 2
2601.88 10 26 0 9 26 1 8 26 2
2603.88 1 24 0 4 24 1 6 24 2
2605.88 13 21 0 12 22 1 11 24 2
2605.88 2 19 0 1 21 1 0 23 2
2608.88 12 19 0 14 18 1 15 17 2
2608.88 4 20 0 3 24 1 2 27 2
2608.88 14 18 0 12 17 1 6 16 2
2610.88 6 17 0 4 19 1 9 21 2
2612.88 10 19 0 12 18 1 14 19 2
2614.88 6 26 0 7 29 1 8 31 2
2615.88 3 31 0 6 30 1 9 29 2
2620.88 11 24 0 13 20 1 14 16 2
2621.88 11 26 0 11 25 1 10 24 2
2622.88 4 31 0 5 30 1 5 29 2
2625.88 12 27 0 11 29 1 9 30 2
2627.88 6 18 0 6 21 1 6 24 2
2628.88 15 29 0 10 24 1 7 18 2
2628.88 12 29 0 7 24 1 3 20 2
2628.88 1 25 0 6 23 1 10 22 2
2629.88 13 31 0 13 30 1 12 30 2
2629.88 8 20 0 10 21 1 11 22 2
2630.88 11 22 0 10 19 1 10 18 2
2630.88 11 18 0 12 17 1 13 17 2
2630.88 15 16 0 13 20 1 14 27 2
2632.88 3 24 0 9 21 1 8 18 2
