1.0043266075 4 18 0 7 18 1 11 19 2
2.3364899325 12 20 0 11 19 1 10 17 2
3.0503830025 7 31 0 14 31 1 8 31 2
3.2699001425 2 24 0 6 22 1 9 20 2
6.9040129325 4 19 0 3 17 1 2 17 2
7.1424303075 7 26 0 7 27 1 8 28 2
7.2284437475 14 22 0 8 22 1 3 23 2
9.376859815 8 26 0 8 22 1 8 18 2
10.0265267125 8 21 0 3 25 1 0 31 2
10.038905815 13 29 0 11 30 1 8 31 2
10.3611794625 4 24 0 2 26 1 0 28 2
11.19980439 15 23 0 15 24 1 14 26 2
12.93605732 12 20 0 6 21 1 1 21 2
14.1920965875 13 27 0 13 27 1 13 28 2
17.105736605 8 18 0 9 20 1 10 22 2
18.1541661025 10 28 0 8 27 1 5 26 2
18.980877015 10 17 0 6 17 1 0 17 2
19.13125038 6 18 0 4 23 1 3 28 2
19.3182552025 6 30 0 3 28 1 0 27 2
22.922674495 6 31 0 8 29 1 10 27 2
23.3152725075 5 29 0 7 28 1 9 27 2
25.9794752125 12 20 0 10 23 1 7 27 2
28.111577035 1 18 0 8 21 1 11 22 2
28.1217755875 1 17 0 3 17 1 5 17 2
29.30446276 12 23 0 8 22 1 5 22 2
29.9877656575 10 19 0 11 19 1 11 20 2
30.208608875 8 26 0 12 24 1 15 22 2
31.106878295 8 22 0 15 20 1 13 21 2
31.172159725 1 24 0 5 23 1 10 19 2
34.08168092 11 22 0 9 21 1 7 20 2
34.2329537175 14 21 0 11 20 1 7 21 2
35.22293535 9 28 0 12 25 1 15 22 2
36.023376115 5 31 0 2 26 1 0 26 2
36.1181979725 11 20 0 11 19 1 12 18 2
37.934959885 9 27 0 7 23 1 5 20 2
40.8982478025 3 30 0 7 25 1 8 23 2
41.1975444025 3 19 0 13 19 1 14 20 2
42.3139204125 1 27 0 2 25 1 3 24 2
42.96437001 11 26 0 12 25 1 13 23 2
43.9932316875 7 19 0 9 18 1 11 16 2
44.245662535 15 25 0 10 23 1 4 22 2
45.1539745175 14 26 0 14 26 1 15 27 2
46.0119100025 4 18 0 5 16 1 5 16 2
46.939885605 2 27 0 4 25 1 6 23 2
47.22961336 6 31 0 7 31 1 8 30 2
49.20323253 4 20 0 4 20 1 4 21 2
49.265873915 12 25 0 11 26 1 9 26 2
50.064507605 7 25 0 7 25 1 4 22 2
53.3511952625 11 21 0 11 21 1 7 22 2
54.1813126775 3 23 0 3 23 1 2 23 2
54.3165959125 4 22 0 4 17 1 2 16 2
55.38890423 12 23 0 12 25 1 12 27 2
58.033369025 5 22 0 9 25 1 14 28 2
58.2315681775 4 28 0 4 26 1 4 24 2
58.27913418 5 25 0 5 26 1 6 28 2
59.04888129 2 29 0 6 30 1 10 30 2
63.1229328675 7 30 0 8 31 1 8 31 2
65.05401138 5 21 0 11 18 1 11 16 2
66.2255567875 10 29 0 8 27 1 7 26 2
66.27200366 6 26 0 7 27 1 8 28 2
67.326948835 10 31 0 4 28 1 0 27 2
68.1642034125 14 24 0 15 27 1 15 31 2
68.2903926075 15 20 0 10 19 1 4 19 2
68.375307085 5 26 0 6 24 1 7 23 2
70.1687131075 13 28 0 14 29 1 15 29 2
70.98170991 11 30 0 14 30 1 14 29 2
71.0936943525 12 24 0 13 25 1 15 26 2
71.1619762375 3 16 0 2 19 1 1 22 2
71.210528685 8 20 0 8 25 1 7 31 2
71.34813466 8 31 0 12 26 1 15 23 2
74.2974577125 13 16 0 9 18 1 5 21 2
75.9293691025 2 22 0 5 20 1 7 20 2
77.2874324925 1 23 0 6 21 1 10 19 2
78.3146442975 13 19 0 10 18 1 8 18 2
79.022312015 6 17 0 11 22 1 15 28 2
79.1688895875 3 25 0 5 24 1 7 23 2
79.3138220775 13 19 0 14 18 1 15 17 2
82.095398815 6 22 0 8 30 1 9 31 2
82.1418088825 9 29 0 13 25 1 15 24 2
82.24661663 12 31 0 15 26 1 15 23 2
82.2674130325 8 21 0 10 21 1 12 21 2
83.0107466925 14 17 0 12 18 1 10 18 2
83.10239504 10 20 0 9 20 1 8 20 2
83.9238024725 12 24 0 1 31 1 0 18 2
83.9630502525 11 30 0 11 29 1 12 27 2
86.17832411 5 26 0 8 25 1 12 24 2
86.1977439175 7 26 0 5 27 1 3 29 2
86.217435785 3 20 0 6 20 1 10 21 2
87.1184998675 9 17 0 11 25 1 4 23 2
87.3351658475 4 31 0 3 25 1 3 22 2
92.93823968 1 19 0 7 18 1 15 17 2
94.2959624225 2 21 0 5 21 1 9 21 2
97.10025221 11 31 0 4 24 1 6 26 2
97.218157255 14 20 0 13 18 1 12 16 2
97.9499854225 3 23 0 9 25 1 14 26 2
98.89585387 2 24 0 3 23 1 4 23 2
99.9231497675 10 19 0 6 22 1 3 24 2
102.250708575 11 30 0 11 26 1 10 23 2
103.0150648925 13 30 0 11 30 1 9 31 2
103.3721472125 7 22 0 6 20 1 6 18 2
104.02451388 9 27 0 11 29 1 13 31 2
104.1674215025 2 20 0 1 21 1 1 23 2
108.2486454375 7 19 0 6 17 1 4 16 2
108.3404217125 9 24 0 7 26 1 6 29 2
109.3039487925 9 30 0 10 30 1 10 28 2
110.9636508225 11 23 0 11 20 1 11 19 2
111.044169055 6 24 0 9 22 1 12 21 2
111.04955978 12 19 0 10 20 1 8 21 2
113.1692676075 12 30 0 8 31 1 4 31 2
115.18154473 2 27 0 7 27 1 12 27 2
116.22351464 1 20 0 13 22 1 5 19 2
118.9250684225 5 19 0 8 17 1 10 16 2
119.28594924 13 18 0 13 19 1 13 21 2
119.9615840425 1 26 0 3 27 1 5 29 2
123.2188743275 6 19 0 5 22 1 4 26 2
124.1128297425 1 21 0 4 21 1 8 20 2
124.1131123175 7 30 0 10 29 1 12 29 2
126.2792690125 3 20 0 6 21 1 11 22 2
129.0509577825 1 24 0 6 24 1 11 24 2
129.3776287675 10 21 0 10 18 1 9 16 2
129.9973368225 8 22 0 7 26 1 5 27 2
130.27829313 15 23 0 15 27 1 15 31 2
130.323282625 10 20 0 5 26 1 1 31 2
132.13907379 6 29 0 4 26 1 2 24 2
132.92724063 13 19 0 12 19 1 11 19 2
135.330685655 1 27 0 2 26 1 4 24 2
135.8943019325 11 17 0 12 17 1 13 19 2
136.2766180525 14 22 0 13 22 1 11 23 2
136.9455468825 10 25 0 12 21 1 15 18 2
136.964575835 4 24 0 4 30 1 5 31 2
137.22661513 13 28 0 13 29 1 12 30 2
137.367667435 10 26 0 13 27 1 15 28 2
139.221642785 1 26 0 1 26 1 0 27 2
142.1191016425 2 25 0 5 23 1 9 22 2
142.3586147775 10 26 0 6 23 1 3 20 2
143.143899735 4 22 0 8 20 1 13 18 2
144.01199033 9 25 0 6 27 1 2 30 2
144.064246945 3 18 0 1 24 1 0 31 2
144.2799588125 6 16 0 11 17 1 15 19 2
144.974480355 10 24 0 8 27 1 7 30 2
145.0167212875 4 31 0 6 30 1 8 29 2
146.8967884625 14 18 0 7 21 1 1 23 2
149.0014775375 15 30 0 12 30 1 10 29 2
149.0635895 14 17 0 15 19 1 15 20 2
149.1478858125 5 27 0 9 26 1 13 20 2
150.2318290625 14 19 0 12 21 1 10 23 2
152.20290474 5 31 0 7 25 1 9 20 2
153.0409082525 6 28 0 9 29 1 13 31 2
154.0972966075 2 29 0 3 27 1 3 26 2
155.05530883 11 27 0 9 27 1 11 26 2
155.152400125 5 30 0 3 29 1 2 28 2
155.1559869275 14 27 0 14 27 1 13 27 2
155.350560445 10 26 0 7 25 1 3 28 2
158.131549265 11 20 0 9 23 1 7 26 2
158.2286719775 11 31 0 7 29 1 4 26 2
158.984561715 1 28 0 5 28 1 9 28 2
159.0224017825 13 17 0 12 17 1 10 17 2
159.2088368625 13 21 0 12 22 1 11 24 2
165.9198434175 15 19 0 13 19 1 12 20 2
166.12114308 10 28 0 13 28 1 4 27 2
166.992768615 4 18 0 3 18 1 3 20 2
166.996360435 5 17 0 7 20 1 10 24 2
168.35867587 15 20 0 12 21 1 8 22 2
169.2851454525 8 18 0 9 20 1 11 22 2
170.06076958 1 21 0 2 26 1 3 31 2
170.95032316 10 20 0 11 23 1 13 26 2
172.0292846125 10 21 0 8 23 1 6 26 2
172.1736048775 5 20 0 5 21 1 6 21 2
178.050098995 13 18 0 11 16 1 8 16 2
178.2898875325 10 28 0 10 25 1 10 22 2
178.3822914625 7 20 0 9 18 1 11 17 2
179.257414445 5 18 0 8 19 1 11 20 2
179.360583605 12 26 0 11 24 1 9 22 2
179.3873737725 10 19 0 8 20 1 7 21 2
179.9322343325 1 27 0 3 4 1 7 24 2
180.226628815 7 29 0 8 24 1 8 21 2
181.0133271875 2 20 0 3 7 1 6 18 2
181.1846603725 10 16 0 11 17 1 12 23 2
184.91512203 2 19 0 3 20 1 4 21 2
185.2735607025 14 25 0 13 26 1 13 27 2
185.330608 4 25 0 3 24 1 2 23 2
186.98821945 5 31 0 6 30 1 7 28 2
187.0995631625 4 30 0 5 28 1 5 28 2
187.1266939225 5 27 0 12 29 1 3 23 2
188.1374389575 14 22 0 13 22 1 11 22 2
188.98435124 12 31 0 12 28 1 12 26 2
189.31278146 5 16 0 9 17 1 14 18 2
190.254358745 1 26 0 4 16 1 6 22 2
191.1012118 8 21 0 5 19 1 1 18 2
193.111636135 3 20 0 10 18 1 15 17 2
194.97603614 1 16 0 5 19 1 11 23 2
195.9109935175 6 26 0 7 27 1 7 30 2
201.27281298 9 24 0 11 26 1 12 28 2
201.9111029 15 16 0 14 22 1 13 29 2
202.132099845 2 23 0 4 20 1 5 17 2
203.2128157475 10 23 0 6 21 1 3 22 2
205.0052999325 11 18 0 13 17 1 12 17 2
206.935907135 10 27 0 9 23 1 9 20 2
207.9775478975 1 17 0 4 19 1 7 22 2
209.18906086 13 21 0 11 24 1 9 27 2
209.961274885 2 30 0 4 25 1 7 21 2
211.0585494675 11 23 0 13 25 1 14 27 2
211.2368426775 6 31 0 7 30 1 8 29 2
214.138597605 11 31 0 10 30 1 9 28 2
218.10407065 6 28 0 7 25 1 8 22 2
218.2330725875 6 29 0 3 28 1 2 30 2
219.3654904425 2 16 0 6 17 1 10 19 2
222.182520725 7 30 0 6 30 1 3 31 2
222.3279069525 8 25 0 7 24 1 6 24 2
223.0201918725 9 28 0 9 25 1 9 24 2
223.9572178425 14 21 0 11 18 1 8 16 2
223.988187165 7 31 0 4 30 1 2 29 2
224.16785088 11 24 0 13 21 1 14 20 2
224.3567282325 12 20 0 13 18 1 14 16 2
224.9624946225 14 23 0 11 25 1 8 28 2
225.31880024 12 26 0 8 26 1 4 27 2
227.1267544725 4 21 0 8 18 1 11 16 2
227.160888645 11 31 0 11 24 1 11 17 2
228.908517185 3 31 0 5 28 1 7 26 2
229.3895529 11 26 0 7 25 1 4 24 2
229.902502575 2 23 0 3 25 1 4 27 2
230.907279325 9 17 0 11 18 1 13 19 2
232.0699527075 3 30 0 3 29 1 3 28 2
232.214196585 9 16 0 12 16 1 15 18 2
233.1535362525 12 31 0 11 31 1 11 30 2
233.914919455 10 20 0 12 24 1 14 28 2
234.177021155 6 29 0 4 29 1 3 28 2
235.9964980325 5 17 0 5 17 1 5 17 2
240.179741375 2 27 0 1 26 1 0 26 2
240.9399058275 7 27 0 8 29 1 7 31 2
241.128751285 1 25 0 2 22 1 3 21 2
242.1019806275 7 24 0 8 23 1 9 23 2
243.09979041 15 18 0 15 21 1 15 24 2
244.183961825 3 26 0 8 21 1 13 16 2
245.294345135 5 20 0 11 20 1 14 20 2
245.3315003275 6 21 0 7 25 1 8 29 2
246.2622934975 10 24 0 12 27 1 13 30 2
248.3522350375 1 27 0 2 22 1 3 19 2
250.356685415 3 17 0 4 21 1 5 26 2
251.07003967 10 24 0 10 22 1 10 21 2
252.9270241125 10 31 0 8 27 1 6 22 2
255.9736112525 10 16 0 12 18 1 14 21 2
256.9039273925 11 31 0 13 29 1 14 27 2
257.224292745 4 25 0 3 24 1 2 23 2
258.131321535 10 26 0 11 26 1 9 23 2
259.15374843 3 19 0 4 20 1 5 22 2
259.3623221625 11 25 0 10 23 1 9 21 2
259.895227655 14 19 0 15 21 1 15 24 2
260.9260909075 5 26 0 8 26 1 13 26 2
260.93534642 8 16 0 9 19 1 11 23 2
264.37918495 15 25 0 14 20 1 14 16 2
266.15635101 12 28 0 11 29 1 10 31 2
267.983015575 11 22 0 8 22 1 4 22 2
269.901090055 10 17 0 12 17 1 13 18 2
271.05478457 15 28 0 11 28 1 7 28 2
273.240655075 3 27 0 7 25 1 10 23 2
273.3746984675 2 19 0 3 19 1 6 21 2
273.9267822875 6 31 0 8 26 1 10 21 2
277.0845566875 9 29 0 6 27 1 2 26 2
279.2672101325 3 29 0 4 30 1 8 18 2
280.9420553775 5 20 0 4 21 1 2 23 2
280.9600054925 9 18 0 6 17 1 4 16 2
280.974774655 10 28 0 10 30 1 9 28 2
281.33875608 10 22 0 9 26 1 7 22 2
281.3478756425 3 18 0 5 23 1 7 28 2
282.202668255 6 19 0 4 17 1 2 16 2
283.9874550875 13 31 0 13 31 1 13 30 2
286.3427039325 15 17 0 8 22 1 1 27 2
290.26814434 7 31 0 9 31 1 12 31 2
290.38729354 13 19 0 13 24 1 12 29 2
291.23629091 3 17 0 2 17 1 1 18 2
291.33505603 13 22 0 14 26 1 15 31 2
292.3364712625 11 22 0 13 22 1 15 23 2
292.9542774475 11 18 0 7 18 1 2 18 2
293.1523569725 9 18 0 11 20 1 13 23 2
300.0595602675 8 24 0 5 25 1 1 27 2
300.9940302425 13 24 0 14 24 1 15 24 2
302.33183501 3 25 0 2 23 1 2 27 2
302.953057095 3 17 0 6 20 1 11 23 2
304.11874277 14 18 0 11 22 1 10 28 2
304.31330401 7 25 0 11 23 1 14 22 2
307.230784465 11 20 0 12 19 1 13 18 2
310.045880435 13 23 0 7 25 1 0 27 2
310.9888094825 10 21 0 9 20 1 7 20 2
311.0916443075 5 19 0 6 22 1 8 24 2
311.3052007925 9 30 0 5 31 1 2 24 2
314.1191066025 14 28 0 10 25 1 6 20 2
314.9018790075 8 30 0 5 25 1 2 20 2
314.9597666175 6 25 0 4 25 1 3 26 2
315.975676075 11 31 0 10 31 1 9 30 2
316.070981455 3 23 0 5 23 1 8 23 2
316.3159383475 5 27 0 5 25 1 6 24 2
316.9060353925 15 24 0 14 24 1 13 24 2
318.263959035 1 19 0 4 21 1 7 24 2
320.3892395425 11 20 0 13 21 1 15 23 2
321.0780487175 12 26 0 13 22 1 13 20 2
321.3683193075 8 28 0 5 22 1 3 16 2
321.95421197 2 18 0 2 20 1 1 22 2
323.289664315 13 25 0 11 24 1 9 24 2
323.365970805 6 25 0 9 23 1 11 22 2
324.1378904675 8 28 0 1 21 1 8 27 2
324.3787341475 7 29 0 10 29 1 13 30 2
324.955800845 12 18 0 9 17 1 6 16 2
325.0753884425 10 30 0 11 28 1 11 27 2
326.0295233525 7 20 0 11 24 1 14 28 2
326.20702385 7 22 0 8 19 1 9 16 2
326.2527020025 11 20 0 8 19 1 5 18 2
326.3236358775 15 26 0 13 23 1 12 31 2
327.971374965 11 25 0 12 26 1 13 27 2
328.2287851525 11 17 0 9 16 1 8 16 2
333.1490627625 6 16 0 3 21 1 1 26 2
333.20944015 1 19 0 0 19 1 0 20 2
334.336042445 9 19 0 8 18 1 7 18 2
335.271563875 9 19 0 8 20 1 6 21 2
336.027429875 10 24 0 9 27 1 8 31 2
336.326397775 11 17 0 10 18 1 13 24 2
336.36244122 11 24 0 8 26 1 4 29 2
336.9330804475 3 22 0 5 22 1 8 23 2
338.1708455625 8 22 0 9 22 1 10 24 2
339.9847480325 2 20 0 5 18 1 8 17 2
340.1863337575 12 19 0 8 21 1 5 23 2
340.3364007725 7 16 0 7 18 1 7 22 2
340.3635175625 8 26 0 12 23 1 15 21 2
340.9714550575 8 24 0 7 20 1 7 18 2
343.36416249 15 20 0 13 23 1 12 23 2
343.9711062675 3 19 0 2 20 1 0 22 2
345.2622087225 4 25 0 7 28 1 9 31 2
345.9232752675 13 24 0 7 22 1 1 19 2
347.2063765775 14 26 0 10 27 1 5 29 2
348.119541605 13 17 0 10 18 1 6 21 2
348.9713364525 8 28 0 7 25 1 7 23 2
349.03151459 13 29 0 11 28 1 9 27 2
349.1362518575 1 21 0 2 19 1 3 18 2
352.117117075 11 26 0 11 27 1 11 29 2
353.1491893925 11 28 0 5 30 1 0 30 2
353.1769049 15 17 0 14 17 1 13 19 2
353.8970851225 15 20 0 15 18 1 15 16 2
354.23483496 11 19 0 9 24 1 9 29 2
355.183740085 12 16 0 11 16 1 9 18 2
356.9731155825 7 29 0 5 30 1 3 31 2
360.090524845 12 22 0 11 22 1 9 23 2
361.9375989125 5 21 0 6 17 1 8 16 2
362.0193077325 7 27 0 7 24 1 0 21 2
362.12645249 10 31 0 8 30 1 5 28 2
362.9025834325 4 17 0 5 16 1 5 16 2
363.1738014425 10 16 0 11 16 1 13 16 2
363.9012380175 3 16 0 3 17 1 4 18 2
366.3452637425 10 27 0 8 25 1 7 24 2
368.01890406 13 31 0 8 30 1 4 29 2
368.2875684675 15 18 0 12 23 1 9 28 2
368.9485432225 8 17 0 7 21 1 7 26 2
369.2210816775 13 29 0 13 28 1 13 28 2
370.115675065 6 28 0 7 28 1 7 27 2
372.19754752 5 24 0 4 24 1 3 27 2
372.9337666 2 22 0 1 25 1 0 28 2
373.107664345 4 29 0 5 26 1 7 27 2
373.2153714225 8 28 0 10 28 1 12 27 2
373.2723385875 4 30 0 5 27 1 5 24 2
374.903396625 2 25 0 2 21 1 4 29 2
376.2518967325 13 27 0 13 25 1 14 24 2
377.9977721125 3 20 0 2 26 1 2 28 2
378.19236908 3 23 0 2 20 1 1 18 2
378.998257415 14 29 0 11 24 1 8 20 2
380.123522005 12 18 0 12 20 1 12 22 2
380.27224096 10 21 0 13 21 1 15 21 2
382.0831869575 7 28 0 9 27 1 10 28 2
382.1897471325 11 20 0 12 17 1 13 16 2
382.303731245 6 23 0 4 23 1 2 24 2
382.33572974 6 24 0 11 21 1 13 20 2
383.0011729625 13 27 0 4 29 1 9 31 2
385.26287696 10 23 0 12 23 1 15 24 2
386.9994530925 3 26 0 3 20 1 3 16 2
388.122509925 2 19 0 5 25 1 8 31 2
390.11504007 1 17 0 1 19 1 3 18 2
393.02413293 15 31 0 15 29 1 15 28 2
395.2189524275 3 17 0 3 17 1 3 18 2
397.35808248 14 18 0 11 23 1 8 27 2
397.953007275 5 30 0 8 30 1 10 31 2
398.9622695775 5 18 0 5 18 1 6 20 2
400.3152928575 11 20 0 10 22 1 9 19 2
401.014490215 3 23 0 6 23 1 9 24 2
401.903274635 12 17 0 13 18 1 13 19 2
404.170383055 6 21 0 11 23 1 15 26 2
404.36618645 10 21 0 10 21 1 10 21 2
405.1902378 13 17 0 9 18 1 4 19 2
406.1492609325 12 22 0 12 21 1 13 20 2
407.1187509125 10 16 0 10 22 1 10 24 2
407.15432839 8 29 0 7 25 1 8 21 2
408.1533024225 1 31 0 4 14 1 8 31 2
408.1799164025 1 29 0 2 23 1 3 17 2
408.305546205 6 31 0 6 25 1 3 28 2
411.0192532175 12 24 0 14 26 1 15 27 2
411.213834155 11 19 0 12 25 1 13 31 2
412.2904619125 10 27 0 10 25 1 11 24 2
413.9237987075 15 21 0 13 23 1 12 24 2
415.02187773 4 28 0 10 28 1 15 28 2
415.1675250525 10 29 0 7 30 1 4 31 2
416.985627035 15 28 0 14 24 1 13 19 2
419.1080985875 10 25 0 9 28 1 8 31 2
419.1218006275 8 18 0 10 18 1 11 19 2
420.059538935 8 22 0 11 23 1 13 24 2
420.1750100775 10 17 0 13 17 1 15 16 2
421.92783425 1 23 0 2 23 1 2 23 2
421.96517123 5 31 0 6 26 1 7 21 2
422.0155405 2 31 0 3 26 1 5 24 2
422.02798817 8 31 0 5 22 1 0 28 2
422.2636165025 5 18 0 7 18 1 10 18 2
425.2893948625 15 16 0 2 17 1 6 19 2
427.05716266 5 21 0 3 22 1 0 23 2
427.978499675 6 29 0 8 26 1 10 23 2
428.9488068175 9 31 0 8 26 1 7 20 2
430.893141455 11 30 0 9 31 1 7 31 2
431.1782237525 6 25 0 8 21 1 9 17 2
431.9940861 15 28 0 8 25 1 2 21 2
432.272857465 14 22 0 13 24 1 12 23 2
433.023287835 14 22 0 14 29 1 14 21 2
435.3563357475 8 25 0 7 27 1 6 29 2
435.896347355 1 24 0 3 20 1 4 17 2
437.12157047 14 20 0 13 22 1 13 23 2
437.9060521075 10 29 0 13 27 1 15 26 2
438.293733365 8 22 0 10 25 1 11 29 2
441.9303651275 3 25 0 2 24 1 1 24 2
442.2235575425 12 31 0 9 27 1 6 23 2
442.33463283 9 19 0 5 18 1 2 16 2
444.0883507725 10 22 0 9 24 1 9 27 2
448.01069657 8 16 0 4 23 1 0 28 2
449.211537815 13 29 0 7 28 1 2 27 2
449.35239324 14 19 0 3 22 1 7 21 2
450.2829222075 10 25 0 12 26 1 14 31 2
450.925687435 11 29 0 8 25 1 4 21 2
451.1557176575 4 25 0 3 16 1 1 24 2
452.2785510075 5 26 0 9 24 1 12 22 2
452.294913795 13 22 0 12 23 1 12 24 2
454.2633241625 2 28 0 6 25 1 7 23 2
454.27802024 15 25 0 15 23 1 15 22 2
454.92476919 3 27 0 4 28 1 6 30 2
457.153946535 6 18 0 6 20 1 6 22 2
457.3593903575 4 21 0 6 19 1 7 18 2
461.9306031825 6 25 0 8 20 1 9 17 2
463.1662844525 2 22 0 8 21 1 12 20 2
466.12804044 9 24 0 8 23 1 9 23 2
467.9912626125 2 18 0 2 21 1 0 24 2
468.151079805 4 25 0 7 21 1 9 24 2
469.3065735325 3 21 0 3 23 1 2 26 2
472.1080630775 14 24 0 10 28 1 7 31 2
473.1474062425 1 24 0 3 25 1 6 26 2
474.3137685425 5 27 0 6 26 1 7 26 2
475.1009203175 4 31 0 5 31 1 6 31 2
476.1607654325 6 22 0 5 21 1 5 22 2
476.984472805 13 23 0 13 21 1 13 20 2
477.2636063175 2 19 0 2 17 1 2 16 2
477.368040855 14 19 0 14 21 1 14 23 2
477.915864475 11 24 0 12 23 1 12 22 2
478.1294529475 8 22 0 7 20 1 5 18 2
478.160869615 6 27 0 8 23 1 10 19 2
478.1752675775 3 16 0 3 25 1 1 27 2
478.9975787325 9 22 0 11 23 1 12 26 2
480.2685378825 9 28 0 11 25 1 12 23 2
480.2785092 6 18 0 6 17 1 6 21 2
480.99359255 3 26 0 7 22 1 12 19 2
481.3166489675 11 18 0 15 20 1 11 24 2
482.0244686725 11 22 0 5 22 1 15 24 2
482.141058625 7 30 0 6 31 1 4 31 2
482.1537317825 8 25 0 9 26 1 9 26 2
482.2942059425 6 19 0 1 31 1 5 24 2
482.3059729625 4 20 0 7 24 1 10 28 2
482.3727180525 14 20 0 12 22 1 10 26 2
483.953184335 9 27 0 7 26 1 4 26 2
485.8999084 3 24 0 6 27 1 9 29 2
486.01851885 8 18 0 5 18 1 2 19 2
486.106704195 7 16 0 4 19 1 2 24 2
486.9775526125 2 17 0 3 22 1 5 27 2
487.9004713775 1 28 0 3 29 1 5 30 2
488.2272861275 7 26 0 4 22 1 1 18 2
488.9929567575 9 23 0 5 27 1 13 31 2
489.1666260725 3 17 0 3 18 1 2 20 2
489.3850215025 3 17 0 1 20 1 2 19 2
489.96177101 4 20 0 5 16 1 7 17 2
490.96536261 15 17 0 14 18 1 12 20 2
491.125597655 9 22 0 10 19 1 11 18 2
491.214059635 13 22 0 13 21 1 12 21 2
491.301041305 2 22 0 2 29 1 4 16 2
491.9984569075 12 18 0 10 20 1 9 23 2
492.892801405 9 28 0 10 28 1 12 29 2
495.973751595 13 18 0 10 19 1 7 21 2
497.3806250175 12 20 0 12 21 1 11 22 2
497.91388464 1 26 0 1 27 1 1 29 2
498.125971455 11 28 0 12 24 1 14 20 2
498.31312108 8 25 0 8 27 1 7 28 2
499.00844749 1 16 0 2 16 1 3 18 2
501.2919978 10 23 0 9 26 1 8 29 2
503.2352643775 5 31 0 8 26 1 12 21 2
504.049273295 4 25 0 2 21 1 1 16 2
505.1886359375 5 28 0 5 27 1 5 27 2
506.045174565 6 21 0 4 22 1 2 23 2
506.3783859975 6 26 0 4 26 1 3 27 2
507.9896139175 3 28 0 5 28 1 6 28 2
509.361865085 15 21 0 11 22 1 7 24 2
509.9895883725 8 25 0 8 20 1 8 16 2
510.195416815 6 27 0 8 24 1 10 22 2
514.98164198 5 25 0 2 21 1 0 18 2
516.04554413 14 30 0 14 28 1 13 24 2
516.1012371375 7 22 0 4 20 1 2 17 2
517.0498332525 12 31 0 13 31 1 15 30 2
518.0552556775 3 18 0 6 18 1 9 20 2
518.089252835 3 25 0 2 25 1 1 26 2
518.18928795 1 27 0 1 28 1 2 28 2
521.1819810975 14 31 0 10 30 1 6 30 2
521.38637086 11 28 0 7 25 1 2 28 2
523.36927538 5 27 0 5 28 1 5 29 2
524.913588485 13 27 0 10 25 1 7 23 2
525.1536223225 8 21 0 8 24 1 7 27 2
525.2779833325 12 19 0 9 24 1 6 30 2
527.031702855 1 30 0 6 26 1 12 24 2
527.088079465 4 20 0 4 21 1 5 23 2
530.915672165 4 26 0 6 27 1 9 28 2
531.27228255 14 21 0 12 21 1 9 21 2
531.9394552625 7 31 0 11 27 1 14 26 2
534.097826415 6 26 0 7 27 1 8 28 2
535.3629573475 10 24 0 11 23 1 12 23 2
537.13817164 11 19 0 5 20 1 0 22 2
541.288812025 5 31 0 6 30 1 8 30 2
542.02278606 13 21 0 14 19 1 11 19 2
543.00051882 4 26 0 6 25 1 8 21 2
545.2160779225 10 21 0 10 24 1 11 27 2
546.325029435 9 29 0 8 26 1 8 24 2
547.106313615 9 22 0 8 21 1 7 22 2
550.0883869875 6 26 0 7 24 1 9 22 2
550.359322165 15 28 0 12 28 1 9 28 2
551.33043815 3 29 0 4 24 1 6 20 2
554.1389308725 11 25 0 12 26 1 12 27 2
554.2034611025 7 27 0 4 29 1 2 31 2
555.0035692675 4 19 0 4 20 1 4 22 2
557.2510001975 8 21 0 11 22 1 12 24 2
557.32241484 4 17 0 4 18 1 4 20 2
557.337154605 3 17 0 3 19 1 2 21 2
558.3191362925 14 25 0 12 28 1 11 30 2
559.90998175 8 22 0 9 20 1 8 20 2
560.1337595975 12 22 0 8 21 1 4 21 2
560.99407119 4 24 0 4 28 1 4 31 2
561.0073108225 5 29 0 12 21 1 15 18 2
561.2214143925 15 24 0 13 21 1 11 18 2
562.037215715 1 16 0 1 16 1 4 18 2
562.929273695 8 26 0 7 20 1 7 16 2
563.18531794 8 28 0 8 30 1 9 30 2
563.23540599 3 25 0 2 25 1 1 26 2
563.3210537375 1 23 0 8 22 1 1 22 2
564.21806577 4 28 0 8 28 1 10 27 2
565.166887915 9 29 0 8 28 1 7 27 2
565.313420175 8 21 0 5 22 1 1 23 2
566.0846825525 13 31 0 12 29 1 11 26 2
566.22932677 6 26 0 6 26 1 6 27 2
568.141203075 7 22 0 5 25 1 6 24 2
568.2989483225 7 23 0 5 24 1 4 26 2
569.27586444 12 29 0 11 30 1 10 31 2
569.965858165 14 25 0 10 16 1 4 26 2
570.1452557525 7 26 0 9 28 1 11 31 2
570.948055525 11 27 0 13 25 1 13 24 2
572.9045209125 14 16 0 14 19 1 14 22 2
574.3458027225 8 22 0 8 21 1 9 20 2
575.973398015 5 28 0 7 27 1 9 26 2
576.1046284875 7 22 0 8 25 1 10 29 2
576.225138185 10 17 0 11 18 1 11 19 2
576.9476593725 10 26 0 7 23 1 1 21 2
577.21751759 9 16 0 9 16 1 10 16 2
579.9595581 9 21 0 5 16 1 2 19 2
581.3222578325 14 19 0 11 18 1 9 18 2
583.03502256 6 31 0 9 29 1 12 28 2
584.2427726 12 23 0 13 23 1 13 24 2
584.2850339525 10 21 0 13 20 1 15 19 2
587.0281185825 14 16 0 11 18 1 12 20 2
587.3209733375 7 26 0 9 25 1 12 24 2
588.209029715 6 24 0 9 24 1 12 24 2
589.141109405 11 17 0 8 16 1 6 17 2
591.210798335 8 16 0 7 21 1 7 26 2
592.0688275025 11 25 0 9 27 1 7 29 2
592.2200381975 12 22 0 12 21 1 12 21 2
592.9933707325 5 23 0 6 21 1 7 19 2
594.92034799 8 17 0 7 21 1 6 28 2
595.0995650525 2 23 0 0 21 1 0 21 2
595.3205819425 5 27 0 5 23 1 7 19 2
597.2827891225 12 16 0 15 19 1 15 24 2
598.249218085 11 25 0 11 23 1 10 20 2
598.263646845 3 22 0 6 24 1 9 26 2
600.3058316575 8 26 0 7 28 1 7 29 2
600.3661153975 4 25 0 7 25 1 10 26 2
601.03997593 6 29 0 6 22 1 6 16 2
603.1357145375 15 29 0 14 29 1 12 28 2
603.230948385 4 22 0 6 25 1 0 17 2
605.07845291 8 27 0 9 27 1 9 27 2
605.1521173725 7 25 0 8 24 1 3 23 2
605.962923595 3 22 0 5 25 1 8 28 2
607.99616116 2 30 0 4 30 1 6 30 2
608.3048912075 1 31 0 2 31 1 5 15 2
609.2135956225 12 25 0 13 24 1 13 24 2
609.2696115075 14 20 0 11 21 1 8 23 2
614.2049514425 13 27 0 13 25 1 14 23 2
616.0041316375 13 23 0 12 22 1 13 22 2
616.0207445425 2 30 0 3 28 1 4 26 2
624.2031696125 11 27 0 13 28 1 15 27 2
627.1827898075 4 26 0 3 22 1 2 19 2
627.35930919 1 31 0 1 3 1 1 27 2
628.1766401375 1 20 0 5 21 1 8 23 2
629.2873444175 11 18 0 8 18 1 6 18 2
629.969721125 10 19 0 6 19 1 2 20 2
630.0768326825 13 23 0 11 24 1 10 26 2
630.1074837075 11 22 0 11 22 1 12 21 2
632.0920499 1 29 0 4 26 1 8 22 2
632.2159325275 5 30 0 6 28 1 6 31 2
633.18904379 14 24 0 13 24 1 12 16 2
634.04131395 2 22 0 4 21 1 7 21 2
635.3200422575 9 30 0 2 27 1 0 24 2
636.02447775 12 24 0 10 21 1 8 19 2
636.380869265 10 23 0 6 19 1 2 16 2
637.0519678725 1 30 0 2 30 1 3 31 2
637.24581756 14 17 0 13 23 1 12 29 2
637.368322495 11 18 0 10 19 1 9 20 2
640.946071345 13 28 0 8 29 1 3 30 2
641.2383490925 3 16 0 2 31 1 1 30 2
642.0720132275 14 26 0 15 27 1 14 28 2
643.04904144 8 21 0 7 23 1 6 27 2
643.1787751275 4 28 0 5 29 1 5 30 2
643.196280365 1 31 0 9 25 1 7 23 2
643.908087675 8 25 0 7 26 1 7 28 2
643.982382725 15 21 0 15 26 1 15 28 2
645.012921685 1 31 0 2 31 1 3 31 2
645.3061317475 8 30 0 6 27 1 4 26 2
645.94853552 10 31 0 7 29 1 15 29 2
648.02254169 14 30 0 15 31 1 13 31 2
649.1558678025 5 23 0 8 22 1 6 21 2
651.22106495 14 27 0 14 25 1 14 24 2
653.2980933875 2 30 0 5 29 1 9 9 2
653.307796235 7 29 0 12 30 1 15 30 2
654.30785992 12 26 0 14 24 1 15 22 2
655.124830615 11 27 0 9 21 1 4 28 2
655.903457075 8 27 0 5 24 1 4 21 2
656.1391838725 10 20 0 9 20 1 9 21 2
656.384893535 6 31 0 7 27 1 9 23 2
659.02921325 9 28 0 8 29 1 8 31 2
660.2745561225 3 27 0 3 29 1 3 29 2
661.2707063825 13 21 0 14 23 1 15 26 2
662.20549963 10 25 0 10 24 1 10 23 2
663.0126721575 13 28 0 12 29 1 11 31 2
663.1846331025 13 26 0 11 26 1 8 27 2
664.2583325525 10 28 0 11 29 1 12 31 2
665.3877379425 4 16 0 7 17 1 9 18 2
666.1060722625 8 31 0 5 30 1 7 28 2
666.9327562225 15 20 0 12 21 1 9 22 2
667.2705577475 13 21 0 12 20 1 11 20 2
668.1484948625 7 30 0 4 31 1 2 31 2
668.959728155 1 26 0 5 27 1 2 29 2
670.1304989925 9 31 0 13 31 1 15 31 2
670.9261093975 6 31 0 7 30 1 7 29 2
671.08650964 5 22 0 9 21 1 13 21 2
672.9838945675 13 29 0 14 29 1 15 28 2
673.286980315 13 31 0 11 30 1 9 28 2
673.335426585 2 18 0 4 18 1 7 18 2
673.90779284 3 16 0 5 21 1 6 27 2
675.1150643775 10 19 0 7 19 1 5 20 2
677.2821385025 10 20 0 12 24 1 15 29 2
677.338040875 10 19 0 13 22 1 15 21 2
681.1606782575 11 28 0 9 27 1 8 27 2
682.945506105 9 19 0 5 23 1 3 18 2
683.08020792 15 16 0 15 16 1 15 17 2
685.12452225 10 27 0 11 28 1 13 30 2
687.0158235875 6 23 0 4 23 1 2 23 2
687.0312251525 12 26 0 12 26 1 12 26 2
689.08486395 6 17 0 4 19 1 2 21 2
689.1078103875 9 31 0 9 23 1 10 16 2
690.97514397 14 29 0 15 27 1 15 28 2
691.1514594025 8 29 0 8 27 1 9 26 2
691.290834 1 24 0 3 23 1 5 23 2
694.895332195 3 20 0 2 19 1 0 19 2
694.968902175 12 26 0 7 27 1 2 28 2
695.0828145825 8 19 0 5 18 1 2 19 2
695.0886209025 8 20 0 7 23 1 7 27 2
695.340980375 12 29 0 10 29 1 7 29 2
695.91663115 12 27 0 11 22 1 8 18 2
697.1665036625 7 25 0 7 20 1 2 17 2
699.9396788025 4 23 0 2 21 1 0 19 2
702.119192785 15 21 0 13 22 1 11 23 2
706.2334447225 5 27 0 1 21 1 3 16 2
707.105616635 3 25 0 5 25 1 7 26 2
708.0017921775 11 16 0 9 19 1 14 21 2
708.1684252275 7 30 0 6 29 1 4 29 2
708.3172683125 9 21 0 9 19 1 10 16 2
709.03391651 2 19 0 4 21 1 7 24 2
709.0886255275 10 20 0 10 18 1 11 17 2
711.174574075 11 18 0 5 18 1 0 18 2
711.3418258225 3 30 0 2 27 1 1 24 2
711.965291875 11 30 0 7 27 1 4 24 2
712.058949645 8 17 0 5 16 1 2 16 2
712.276484845 13 18 0 14 24 1 14 30 2
712.3859643325 5 19 0 8 21 1 10 23 2
714.976423055 4 22 0 5 20 1 6 18 2
720.114576755 12 26 0 8 26 1 5 26 2
720.3116259775 10 24 0 12 20 1 13 16 2
721.0843155425 8 28 0 9 28 1 10 29 2
722.9328508225 9 24 0 10 22 1 11 19 2
724.34806513 14 20 0 15 20 1 15 21 2
725.92116142 8 25 0 8 24 1 7 22 2
727.14830072 12 20 0 12 20 1 12 21 2
727.1506681475 8 30 0 9 28 1 11 26 2
727.1563367425 6 25 0 6 27 1 6 29 2
730.9332018875 2 20 0 6 25 1 9 31 2
731.063259755 14 27 0 11 28 1 8 28 2
732.344088205 13 24 0 11 23 1 5 22 2
732.3630840325 14 22 0 14 26 1 13 31 2
732.38142768 12 22 0 11 23 1 9 24 2
734.1602943775 3 24 0 6 27 1 9 29 2
734.30690266 9 31 0 5 31 1 1 31 2
739.0883852075 6 16 0 5 17 1 3 19 2
739.94612138 2 21 0 2 19 1 3 16 2
740.295577245 15 17 0 13 19 1 13 19 2
741.0953799425 12 18 0 13 18 1 15 18 2
743.1977393575 11 27 0 11 27 1 6 30 2
743.341347145 11 27 0 10 25 1 9 24 2
744.21291992 10 29 0 12 24 1 14 20 2
744.9436822 14 19 0 15 20 1 15 22 2
747.2071974475 6 29 0 11 25 1 15 22 2
748.0513739075 9 29 0 9 28 1 9 27 2
748.3719064625 10 26 0 9 28 1 8 29 2
750.368273535 3 21 0 3 21 1 2 21 2
751.9301676 4 20 0 4 21 1 12 22 2
752.2526762775 8 16 0 5 20 1 2 23 2
752.3752512625 3 19 0 3 25 1 2 31 2
755.0064161575 4 29 0 6 26 1 8 23 2
756.018799455 8 25 0 9 25 1 11 30 2
756.3851730525 7 16 0 3 17 1 0 19 2
757.04811644 11 31 0 12 28 1 13 26 2
763.980808565 7 27 0 4 27 1 1 29 2
764.9666912625 13 30 0 10 26 1 7 23 2
766.96554798 15 21 0 15 22 1 15 23 2
767.07513646 7 30 0 11 28 1 14 26 2
768.9655830725 5 21 0 8 21 1 11 22 2
769.007160655 7 19 0 4 20 1 1 21 2
769.2191480975 14 29 0 10 29 1 6 29 2
769.92817277 5 26 0 11 27 1 15 28 2
770.061915105 9 18 0 10 19 1 13 20 2
770.3168275825 8 16 0 8 19 1 7 22 2
770.366834935 13 26 0 14 25 1 15 23 2
772.002141955 8 25 0 9 22 1 10 20 2
772.041966115 5 16 0 2 18 1 0 21 2
772.93486551 11 19 0 12 22 1 13 20 2
773.1397615975 3 30 0 5 28 1 8 26 2
773.18041399 6 22 0 7 18 1 8 16 2
773.359553125 8 17 0 11 18 1 14 19 2
774.1150049 4 19 0 5 19 1 6 20 2
777.9095198875 1 31 0 4 8 1 8 29 2
778.201334495 13 24 0 9 23 1 5 23 2
781.9914181975 8 29 0 8 26 1 7 24 2
782.33026224 7 24 0 5 24 1 3 24 2
783.193761055 8 29 0 5 29 1 3 30 2
785.9985393575 11 23 0 8 21 1 6 21 2
786.0946013075 9 23 0 13 22 1 8 28 2
786.1833311 6 26 0 9 24 1 13 22 2
786.9028430275 10 28 0 11 28 1 12 29 2
787.8931475175 1 17 0 4 18 1 6 21 2
788.1894036125 2 21 0 3 26 1 4 31 2
789.143712475 8 18 0 4 19 1 1 20 2
790.25478923 7 19 0 7 21 1 7 24 2
791.172779355 1 28 0 3 19 1 5 16 2
792.057137175 15 21 0 8 18 1 0 18 2
792.2024461625 6 24 0 6 24 1 7 24 2
792.255600465 10 27 0 10 27 1 10 27 2
794.145964275 3 25 0 4 22 1 4 19 2
794.9013750075 9 12 0 2 26 1 4 27 2
797.3509622775 4 20 0 7 18 1 10 21 2
798.00153173 8 29 0 6 26 1 4 24 2
798.18441624 15 26 0 13 28 1 10 30 2
798.18949591 10 17 0 11 21 1 13 26 2
799.0973149825 9 29 0 11 26 1 13 23 2
799.163745235 4 30 0 5 26 1 6 22 2
800.2213782475 2 22 0 4 19 1 5 17 2
800.255875915 13 16 0 12 18 1 11 20 2
802.175033175 2 27 0 3 26 1 4 28 2
802.237264495 2 29 0 7 27 1 11 24 2
802.9652039975 13 22 0 13 22 1 13 24 2
805.0111707675 7 25 0 7 22 1 8 18 2
805.0412276825 4 25 0 6 23 1 8 20 2
805.9135062425 7 17 0 4 21 1 1 24 2
806.0449734525 4 31 0 2 31 1 0 30 2
808.248857505 1 23 0 3 18 1 3 20 2
809.964441985 7 21 0 11 21 1 7 21 2
812.142519315 3 31 0 8 31 1 13 31 2
814.19036179 8 18 0 6 17 1 5 17 2
815.0838918625 8 29 0 6 26 1 3 24 2
815.9346119475 1 31 0 9 28 1 9 24 2
817.92767589 13 16 0 11 21 1 9 26 2
818.341446095 10 27 0 6 25 1 6 23 2
820.2399333125 6 28 0 8 29 1 9 31 2
821.2359553575 13 30 0 11 27 1 9 21 2
826.1475950875 5 30 0 7 27 1 9 24 2
826.2916713425 4 20 0 6 22 1 11 23 2
826.95510389 12 26 0 10 25 1 8 24 2
826.98187062 2 18 0 3 18 1 3 19 2
827.9005222475 15 23 0 13 20 1 9 17 2
829.930980515 1 24 0 3 21 1 5 19 2
830.9915774075 9 31 0 7 31 1 6 30 2
832.10920799 10 28 0 12 29 1 14 30 2
832.17509737 6 17 0 10 22 1 15 27 2
832.1946820675 4 23 0 4 22 1 3 22 2
832.3217939475 9 27 0 5 28 1 2 29 2
833.346216705 8 20 0 10 18 1 13 16 2
835.2563284125 4 31 0 5 28 1 6 26 2
836.1844513625 13 23 0 8 22 1 3 21 2
837.1523196075 1 29 0 5 27 1 10 24 2
838.20999489 3 20 0 3 21 1 3 23 2
838.269935765 5 26 0 4 23 1 4 21 2
840.9034187175 8 17 0 5 21 1 3 26 2
841.0858074725 12 24 0 8 27 1 3 31 2
842.1960588725 9 18 0 10 19 1 11 21 2
842.954613745 14 25 0 15 26 1 13 23 2
844.1996097025 2 16 0 9 16 1 15 16 2
845.226175745 8 21 0 7 20 1 4 21 2
845.26483629 14 20 0 11 21 1 8 23 2
845.904833845 2 29 0 6 29 1 9 29 2
846.16056406 14 27 0 13 26 1 13 26 2
846.29053584 4 19 0 2 20 1 0 21 2
846.364637145 6 27 0 9 26 1 12 26 2
847.060869065 4 19 0 2 17 1 0 17 2
848.3787945125 9 19 0 11 24 1 13 28 2
849.059773855 13 24 0 10 23 1 6 22 2
849.1370067475 12 16 0 9 21 1 6 27 2
850.0882905725 5 30 0 5 26 1 4 22 2
851.2197345875 7 29 0 3 29 1 0 29 2
851.37476035 3 31 0 9 31 1 13 29 2
852.8920650825 2 29 0 3 30 1 3 31 2
855.9389265025 4 23 0 8 21 1 12 20 2
856.02657199 14 31 0 10 28 1 6 24 2
858.099217445 9 21 0 11 20 1 12 19 2
860.0263245575 2 28 0 3 30 1 4 31 2
862.0939704575 11 22 0 11 20 1 8 19 2
866.3009573275 10 16 0 11 18 1 12 19 2
866.3174133675 3 21 0 6 20 1 10 20 2
867.167032745 1 29 0 0 2 1 2 31 2
867.9174420275 4 17 0 5 18 1 4 15 2
868.3443960925 13 16 0 13 19 1 7 22 2
868.89600007 12 21 0 11 20 1 9 19 2
874.17134406 11 29 0 13 26 1 15 28 2
874.329298665 1 20 0 3 19 1 4 18 2
876.3624563025 15 19 0 9 21 1 4 22 2
877.37154629 2 25 0 2 24 1 2 22 2
878.977220795 11 16 0 9 18 1 7 19 2
879.14565913 9 27 0 12 24 1 15 21 2
880.0544675375 10 24 0 7 23 1 4 22 2
882.051873905 2 31 0 5 31 1 7 31 2
883.9786017275 8 19 0 11 18 1 14 18 2
884.1674182975 8 24 0 10 26 1 1 29 2
885.0327451025 12 31 0 13 31 1 14 31 2
885.176304645 14 28 0 9 25 1 6 22 2
885.2020703575 11 31 0 8 30 1 8 28 2
885.3270534175 12 31 0 9 31 1 7 30 2
885.3371333 2 23 0 7 26 1 12 31 2
887.38862505 9 28 0 11 27 1 12 26 2
888.1741461825 2 22 0 2 21 1 2 21 2
889.092378615 15 17 0 13 20 1 12 23 2
890.054673385 6 26 0 8 27 1 11 28 2
890.254231085 4 29 0 5 28 1 6 27 2
890.9455397325 13 24 0 9 22 1 5 20 2
890.9889637725 13 20 0 11 18 1 9 17 2
890.9918673075 4 19 0 3 24 1 1 29 2
891.34607309 13 31 0 13 29 1 12 27 2
892.18394341 15 29 0 10 26 1 4 23 2
893.0314474275 11 28 0 10 28 1 9 27 2
895.092200205 2 20 0 7 22 1 11 26 2
896.0281367475 1 27 0 4 27 1 6 27 2
896.3660814875 5 16 0 10 18 1 15 21 2
897.9677512425 12 22 0 10 26 1 9 30 2
898.0687175025 14 28 0 10 23 1 6 18 2
899.05118635 2 26 0 4 22 1 6 19 2
900.3761069475 3 29 0 8 30 1 13 31 2
901.96528263 7 27 0 6 27 1 5 27 2
902.08896346 6 27 0 6 25 1 5 24 2
903.085229815 3 29 0 3 26 1 2 22 2
903.3041678325 11 22 0 12 20 1 13 18 2
904.221640795 13 26 0 11 25 1 10 26 2
906.99470902 3 26 0 6 22 1 9 18 2
907.1802792425 7 19 0 4 19 1 1 20 2
907.2834680475 8 24 0 8 27 1 7 30 2
907.2979603625 1 24 0 4 27 1 5 28 2
907.372844865 1 16 0 1 20 1 3 22 2
909.1822822375 13 20 0 8 25 1 4 29 2
910.0152249575 13 26 0 12 28 1 11 30 2
910.23317369 8 21 0 9 24 1 10 28 2
911.011765765 3 16 0 5 18 1 7 20 2
911.09573918 5 21 0 3 22 1 0 24 2
912.953712265 7 16 0 6 21 1 5 27 2
914.2307861675 11 25 0 12 26 1 13 27 2
915.9246759075 7 16 0 2 17 1 0 23 2
917.011851225 11 26 0 11 24 1 10 22 2
923.3800993725 4 22 0 6 22 1 8 24 2
924.10265158 9 16 0 8 17 1 8 20 2
924.16914091 9 20 0 8 20 1 7 21 2
925.93532326 6 31 0 6 26 1 7 21 2
932.9919503 12 25 0 13 27 1 13 29 2
934.029765575 13 22 0 13 19 1 14 17 2
935.0147940175 9 28 0 8 26 1 7 26 2
937.9481550675 10 23 0 8 21 1 6 19 2
938.2103694325 9 20 0 12 22 1 15 21 2
938.2866690075 8 31 0 7 30 1 6 29 2
939.940589255 7 17 0 9 19 1 12 22 2
939.9893895525 5 22 0 4 27 1 4 31 2
940.97409827 5 24 0 5 22 1 6 22 2
946.2033088025 2 17 0 1 22 1 0 28 2
949.2676227525 13 24 0 7 29 1 2 31 2
951.1823787075 2 31 0 1 30 1 3 19 2
958.36516284 5 24 0 7 25 1 8 26 2
959.1067722275 4 29 0 3 28 1 2 27 2
959.945440855 15 30 0 14 28 1 13 26 2
961.107028125 15 28 0 15 29 1 15 29 2
961.293915975 4 16 0 9 22 1 14 28 2
961.363323005 9 23 0 9 20 1 10 18 2
962.002123625 13 28 0 7 24 1 2 21 2
962.07804982 6 28 0 8 27 1 8 27 2
962.09003525 14 18 0 11 20 1 9 22 2
962.235725275 11 31 0 12 26 1 12 21 2
963.10630355 8 25 0 6 24 1 5 24 2
963.33476413 14 17 0 15 18 1 13 18 2
963.98852756 7 31 0 6 28 1 5 24 2
965.1030175175 12 16 0 13 16 1 15 17 2
965.160725655 7 29 0 6 29 1 6 29 2
965.2938724775 1 3 0 5 27 1 9 27 2
966.3492511375 10 31 0 8 26 1 6 21 2
971.1965456825 8 29 0 7 23 1 7 17 2
972.2992472975 1 27 0 7 24 1 13 22 2
973.286541265 10 24 0 10 26 1 11 27 2
973.3477765675 14 31 0 12 26 1 10 22 2
974.119169805 4 17 0 8 18 1 11 20 2
975.1428173025 7 21 0 4 21 1 1 22 2
975.9023507775 9 30 0 5 29 1 2 27 2
977.095707735 10 27 0 10 25 1 10 24 2
977.31467048 5 26 0 4 26 1 4 27 2
978.275757715 3 19 0 8 21 1 12 24 2
979.300887035 15 23 0 11 21 1 7 20 2
983.9513735575 8 29 0 8 23 1 8 23 2
984.8943270525 5 23 0 6 25 1 8 27 2
986.38090734 1 23 0 6 26 1 13 21 2
986.3821846825 6 31 0 12 29 1 15 28 2
988.1690202725 5 23 0 9 22 1 13 21 2
992.107765775 13 19 0 12 23 1 11 28 2
992.29912983 4 19 0 8 18 1 12 17 2
995.000871195 5 30 0 5 31 1 6 31 2
995.2792698225 5 17 0 7 18 1 2 20 2
995.3394423775 6 28 0 4 29 1 2 30 2
996.0702121525 15 24 0 13 18 1 11 23 2
996.3035317275 7 21 0 3 18 1 0 16 2
996.3087662775 12 19 0 13 18 1 14 19 2
1000.168140215 1 22 0 0 23 1 0 16 2
1000.17948691 7 31 0 7 31 1 7 31 2
1002.27290701 9 27 0 10 27 1 10 27 2
1002.3849418775 7 25 0 4 26 1 2 27 2
1004.94026543 12 25 0 9 27 1 5 29 2
1005.0867870075 2 29 0 6 29 1 11 29 2
1005.1593001625 3 22 0 6 22 1 8 23 2
1008.0395109125 1 25 0 3 23 1 3 22 2
1008.267378195 2 24 0 5 23 1 8 16 2
1009.1136090075 12 25 0 13 24 1 13 24 2
1009.2499584525 6 23 0 9 27 1 11 31 2
1012.1814150525 3 19 0 2 19 1 2 19 2
1014.1805709625 3 25 0 7 23 1 11 18 2
1014.27003317 6 19 0 2 17 1 0 16 2
1015.0695163325 3 25 0 4 24 1 5 23 2
1016.97217017 4 18 0 5 18 1 5 19 2
1018.9916615125 8 22 0 11 22 1 14 23 2
1022.0019654775 7 17 0 6 24 1 5 31 2
1023.139850785 14 18 0 14 18 1 15 18 2
1024.9750289775 8 23 0 8 25 1 8 23 2
1024.989029175 15 19 0 12 18 1 8 18 2
1026.25774422 6 23 0 3 27 1 0 31 2
1026.9197893225 5 27 0 5 28 1 5 29 2
1028.2778735125 14 23 0 13 25 1 12 28 2
1029.0183891 7 30 0 5 29 1 3 28 2
1030.039650555 4 18 0 2 24 1 1 23 2
1030.1300174375 8 25 0 7 27 1 6 30 2
1030.1641191725 15 28 0 13 29 1 11 31 2
1030.2213694625 4 20 0 9 24 1 13 29 2
1032.388404625 9 28 0 5 28 1 1 21 2
1033.195200665 4 19 0 4 19 1 5 21 2
1033.269341845 2 29 0 5 29 1 8 29 2
1034.2886661275 10 19 0 6 19 1 1 19 2
1034.3877995775 8 28 0 14 28 1 12 30 2
1036.03818014 10 25 0 10 24 1 11 22 2
1036.8922727925 7 30 0 5 28 1 4 26 2
1038.2949383725 14 17 0 13 18 1 12 19 2
1041.90006641 10 19 0 10 20 1 10 22 2
1042.11437624 10 23 0 6 27 1 0 31 2
1042.1902027825 2 22 0 12 21 1 8 28 2
1044.9370517275 7 22 0 10 24 1 12 26 2
1045.2197188575 11 23 0 7 27 1 4 31 2
1051.085067845 1 16 0 5 18 1 9 20 2
1051.2188351625 9 21 0 10 21 1 12 22 2
1052.0809511675 12 26 0 7 21 1 1 17 2
1052.89580454 4 19 0 7 19 1 10 20 2
1053.23006794 15 29 0 14 28 1 12 27 2
1053.8930119675 15 26 0 14 26 1 15 23 2
1055.3163335175 6 18 0 2 23 1 14 29 2
1057.242630815 12 24 0 11 26 1 10 28 2
1058.1392748375 2 31 0 4 30 1 5 29 2
1058.15774099 7 21 0 7 25 1 7 31 2
1058.1790294175 1 17 0 1 16 1 2 16 2
1059.9017896 2 25 0 1 28 1 1 31 2
1060.159427205 1 22 0 4 23 1 6 26 2
1061.130323 3 16 0 2 21 1 1 26 2
1061.20290164 13 18 0 7 21 1 1 24 2
1062.9982668 7 31 0 7 26 1 7 21 2
1063.3386715725 5 28 0 4 22 1 3 16 2
1064.11178485 5 23 0 6 26 1 7 29 2
1064.283595585 14 27 0 12 29 1 12 31 2
1065.0754547375 9 24 0 3 25 1 11 27 2
1066.310292825 8 28 0 10 25 1 11 24 2
1067.25755978 4 28 0 3 29 1 2 29 2
1070.9450586325 8 30 0 7 29 1 0 23 2
1071.0811143125 9 30 0 9 26 1 9 21 2
1071.9624046275 3 24 0 4 26 1 5 28 2
1073.0536187425 1 20 0 2 18 1 1 17 2
1074.9163071775 11 25 0 10 26 1 9 27 2
1074.9406243925 6 25 0 7 25 1 8 26 2
1076.9210564625 9 31 0 9 30 1 8 29 2
1077.1893479275 14 22 0 14 22 1 13 23 2
1080.90486309 2 31 0 1 26 1 0 21 2
1081.1682338025 7 21 0 7 23 1 8 26 2
1083.341007995 5 27 0 5 23 1 4 21 2
1087.1605281225 15 26 0 12 25 1 9 27 2
1088.1022141075 10 20 0 9 22 1 8 24 2
1088.3452072575 5 22 0 8 24 1 11 26 2
1089.051016845 12 30 0 9 29 1 9 30 2
1090.10842493 11 26 0 10 23 1 9 22 2
1091.36595364 15 30 0 15 28 1 15 26 2
1092.9951046075 1 28 0 5 27 1 9 27 2
1093.0399833625 12 17 0 7 18 1 2 19 2
1093.124625055 14 27 0 15 22 1 15 17 2
1093.1913380625 5 29 0 6 28 1 6 27 2
1096.0789597125 2 31 0 4 31 1 7 26 2
1097.02452532 15 24 0 12 25 1 10 26 2
1098.2159470325 8 29 0 10 24 1 12 20 2
1100.3218639825 7 25 0 4 23 1 0 27 2
1100.9476550775 14 16 0 12 16 1 11 16 2
1101.262560705 5 28 0 6 24 1 8 22 2
1101.90631619 15 21 0 13 23 1 11 26 2
1102.249901065 5 29 0 9 28 1 12 28 2
1106.0847413375 15 30 0 14 28 1 12 27 2
1107.05209811 11 23 0 11 21 1 11 20 2
1109.0619695925 5 22 0 3 25 1 1 28 2
1109.905899605 11 18 0 11 19 1 11 20 2
1111.1817675125 12 24 0 12 21 1 11 18 2
1111.2305640975 15 24 0 13 20 1 11 17 2
1111.3068945 15 25 0 12 24 1 10 24 2
1112.34529051 1 15 0 8 17 1 15 17 2
1114.126152845 8 28 0 2 16 1 6 20 2
1114.38943429 7 27 0 8 27 1 10 27 2
1114.90611418 11 26 0 8 26 1 4 26 2
1115.2002888375 1 29 0 0 25 1 0 24 2
1116.0728321225 10 26 0 13 21 1 0 16 2
1116.2751184725 4 27 0 3 31 1 2 31 2
1118.1395014325 4 23 0 4 26 1 4 29 2
1118.25192545 6 17 0 4 16 1 2 17 2
1119.146854905 13 29 0 3 28 1 0 30 2
1120.354984925 8 21 0 6 23 1 5 26 2
1120.9867074875 1 27 0 1 27 1 0 28 2
1121.9134363525 13 18 0 10 19 1 8 21 2
1122.29145225 15 27 0 13 28 1 11 29 2
1122.3277326625 9 29 0 10 25 1 11 22 2
1122.9961495625 11 28 0 11 24 1 12 20 2
1123.246204445 4 21 0 3 18 1 1 16 2
1124.978527745 9 27 0 12 29 1 14 30 2
1125.07825068 9 28 0 11 26 1 13 24 2
1126.00302255 15 21 0 14 19 1 12 17 2
1126.0134159325 9 24 0 12 26 1 15 27 2
1126.031445485 14 24 0 14 22 1 14 21 2
1131.27445097 9 27 0 9 25 1 9 24 2
1131.3248943125 12 20 0 10 20 1 7 20 2
1132.9306430775 3 31 0 4 30 1 5 29 2
1135.2581275375 15 26 0 14 27 1 12 29 2
1136.9223794875 3 29 0 4 29 1 5 30 2
1137.3457230425 14 19 0 8 25 1 3 31 2
1138.9370766875 8 17 0 7 21 1 7 26 2
1139.00411516 11 16 0 7 21 1 3 27 2
1140.2377127125 15 19 0 14 20 1 13 21 2
1140.9101160975 8 22 0 5 23 1 2 24 2
1142.07934324 11 25 0 11 26 1 11 27 2
1143.0829729 6 29 0 5 28 1 4 27 2
1143.883131185 10 26 0 14 26 1 11 26 2
1143.8928473375 14 24 0 10 26 1 6 29 2
1143.94468171 9 18 0 9 16 1 6 16 2
1145.2969828425 13 19 0 13 17 1 12 16 2
1145.3080300825 4 20 0 6 20 1 7 20 2
1146.127168045 10 28 0 11 27 1 11 26 2
1147.3417402875 6 21 0 6 21 1 5 21 2
1147.9932688175 5 31 0 8 29 1 10 27 2
1150.2253652975 12 24 0 12 21 1 12 18 2
1153.2676881825 7 23 0 4 23 1 1 23 2
1153.3335486425 2 17 0 4 20 1 6 24 2
1155.378686115 8 26 0 8 26 1 8 27 2
1157.001441915 10 25 0 10 23 1 10 22 2
1157.20843852 9 27 0 8 22 1 8 17 2
1157.2946421225 1 19 0 2 19 1 4 20 2
1157.3482353075 12 29 0 10 26 1 8 23 2
1157.96500355 2 24 0 6 26 1 10 28 2
1158.0933681375 7 25 0 4 28 1 1 30 2
1163.00568877 13 18 0 9 23 1 4 28 2
1165.0093544425 11 30 0 13 29 1 14 29 2
1165.33014659 9 19 0 0 25 1 4 24 2
1168.1461521375 4 26 0 4 28 1 4 29 2
1168.3256277675 4 24 0 5 23 1 5 22 2
1168.3420733125 2 28 0 2 29 1 3 30 2
1169.2544618625 1 17 0 1 17 1 2 17 2
1170.1095988 6 16 0 7 17 1 8 19 2
1170.26511652 12 26 0 8 28 1 4 30 2
1172.0713679025 9 16 0 11 17 1 12 18 2
1172.132523215 11 26 0 9 29 1 7 22 2
1173.1469096275 4 30 0 5 24 1 5 18 2
1174.004472335 7 22 0 4 25 1 2 23 2
1174.9230883825 14 30 0 13 29 1 11 28 2
1176.9663431625 15 25 0 15 28 1 14 31 2
1177.289930655 11 24 0 11 20 1 11 17 2
1178.356825095 2 28 0 4 26 1 5 24 2
1179.0430548725 5 31 0 7 30 1 9 29 2
1181.1919112175 4 30 0 7 26 1 10 23 2
1182.8928160525 9 25 0 9 22 1 8 20 2
1185.26449961 8 28 0 12 23 1 15 19 2
1186.0729751775 10 20 0 11 21 1 13 22 2
1186.377981895 9 28 0 11 26 1 12 23 2
1186.9411462425 13 17 0 14 16 1 15 16 2
1188.3137650775 2 26 0 1 23 1 0 21 2
1189.1706505675 4 17 0 6 16 1 8 17 2
1193.2353040225 10 30 0 9 25 1 4 24 2
1194.144728635 11 24 0 10 19 1 9 16 2
1195.2394491 7 31 0 8 30 1 9 30 2
1195.99399163 14 23 0 12 21 1 9 20 2
1200.205858985 13 29 0 15 24 1 15 19 2
1200.919940025 15 16 0 15 18 1 15 21 2
1200.9553131325 15 17 0 10 19 1 5 21 2
1200.9741212 3 22 0 3 25 1 2 28 2
1202.933895225 4 19 0 3 25 1 3 31 2
1203.00060696 12 28 0 9 23 1 5 19 2
1203.254702945 7 25 0 6 25 1 5 26 2
1203.28488868 13 16 0 11 16 1 9 17 2
1203.3383864525 5 18 0 4 19 1 3 21 2
1205.246572685 14 28 0 11 28 1 8 28 2
1205.2672074475 2 20 0 7 24 1 12 29 2
1206.079854465 7 21 0 6 19 1 5 17 2
1206.22586268 5 21 0 7 18 1 5 16 2
1207.143480635 11 29 0 6 28 1 1 27 2
1207.1915954125 3 23 0 2 23 1 2 24 2
1208.1011360675 13 25 0 12 25 1 11 27 2
1208.11845949 4 22 0 6 25 1 7 28 2
1209.28246123 14 22 0 14 23 1 14 24 2
1209.3331205875 12 19 0 7 23 1 3 28 2
1212.17057547 2 18 0 14 17 1 9 26 2
1212.1850157125 8 25 0 7 25 1 4 24 2
1212.248317685 10 27 0 8 26 1 6 26 2
1215.9584196575 4 31 0 3 29 1 3 28 2
1217.2708023025 2 16 0 6 17 1 10 19 2
1218.209817365 15 27 0 13 26 1 11 24 2
1220.1249899075 7 25 0 8 24 1 8 24 2
1220.319197245 6 27 0 7 23 1 8 19 2
1225.8884393625 5 26 0 6 25 1 8 24 2
1226.9456354425 5 16 0 6 16 1 7 16 2
1227.357342995 4 21 0 2 19 1 0 18 2
1228.120147435 9 31 0 5 24 1 3 21 2
1228.3326241375 1 27 0 7 26 1 13 26 2
1229.1921354575 3 31 0 5 31 1 6 30 2
1229.88269172 5 27 0 4 28 1 3 28 2
1230.0308294625 11 24 0 9 20 1 8 17 2
1230.0764159875 7 29 0 7 24 1 7 26 2
1230.952388345 13 27 0 11 26 1 9 26 2
1231.059482535 6 20 0 4 18 1 2 17 2
1231.92297181 4 20 0 3 20 1 3 20 2
1232.97140044 12 29 0 12 24 1 11 19 2
1233.083785645 10 23 0 6 23 1 1 24 2
1233.9162659225 11 21 0 13 18 1 15 16 2
1235.0862375875 9 18 0 12 18 1 14 18 2
1236.9391505725 13 24 0 11 21 1 9 19 2
1237.285677535 3 26 0 6 26 1 10 27 2
1240.2155629175 8 19 0 8 19 1 9 19 2
1241.228823715 12 26 0 13 25 1 14 24 2
1244.282758075 6 25 0 4 24 1 2 23 2
1244.31058601 1 21 0 4 19 1 7 19 2
1244.3159178025 3 16 0 2 19 1 3 22 2
1245.1856762825 12 19 0 12 19 1 9 20 2
1245.2261710975 13 29 0 11 29 1 12 29 2
1245.8881092825 3 22 0 0 20 1 13 22 2
1246.006664015 6 19 0 5 18 1 4 19 2
1247.0103414275 5 24 0 4 22 1 4 21 2
1248.1946313825 8 22 0 5 18 1 2 16 2
1248.2763528425 8 22 0 5 16 1 2 23 2
1249.9291670075 3 18 0 4 20 1 5 23 2
1250.1101355025 2 24 0 1 24 1 1 24 2
1251.3034110125 3 18 0 2 20 1 0 22 2
1251.9928253675 8 23 0 15 31 1 13 19 2
1253.2404314425 6 21 0 7 26 1 9 30 2
1254.1830269625 9 18 0 9 17 1 10 16 2
1254.33917793 3 24 0 5 21 1 8 18 2
1255.3119749 9 28 0 13 28 1 15 28 2
1256.2751884125 11 16 0 12 17 1 12 19 2
1257.0960109025 4 24 0 5 24 1 6 26 2
1258.102857075 12 31 0 12 30 1 12 29 2
1258.96519666 1 24 0 8 22 1 15 19 2
1259.27196301 10 28 0 12 26 1 13 26 2
1261.1867432225 10 20 0 12 22 1 14 26 2
1261.2324607475 9 26 0 12 27 1 15 24 2
1261.2678730675 5 29 0 5 29 1 7 31 2
1262.1063830725 15 31 0 11 26 1 6 22 2
1263.26908621 12 25 0 12 26 1 12 28 2
1263.9729837775 3 26 0 6 22 1 11 21 2
1264.9464167625 2 31 0 7 26 1 12 21 2
1264.948977345 10 23 0 13 26 1 15 29 2
1265.1082521575 3 19 0 6 17 1 9 19 2
1269.173544925 9 21 0 9 20 1 9 19 2
1269.321336215 14 26 0 12 23 1 10 21 2
1271.095065615 2 26 0 2 25 1 2 24 2
1273.050720495 8 23 0 9 23 1 9 24 2
1273.2019584375 3 20 0 2 18 1 0 18 2
1274.2821406425 1 24 0 8 23 1 15 24 2
1275.009272455 10 16 0 9 16 1 9 17 2
1276.9332704675 13 26 0 9 22 1 5 18 2
1277.23159608 3 24 0 6 23 1 9 23 2
1281.195470895 1 16 0 2 17 1 8 9 2
1281.35286706 6 24 0 6 27 1 7 28 2
1283.0133120825 10 19 0 8 18 1 4 16 2
1283.9774150475 7 31 0 4 26 1 0 22 2
1285.2068003125 3 21 0 2 20 1 1 20 2
1286.143762185 5 20 0 6 19 1 7 18 2
1288.1137913725 12 28 0 12 16 1 12 16 2
1288.2602033875 15 22 0 12 25 1 9 29 2
1290.19961002 2 22 0 2 22 1 1 22 2
1290.2920964275 6 21 0 8 22 1 9 22 2
1290.98731564 9 27 0 11 26 1 14 27 2
1297.156001845 7 26 0 10 27 1 13 29 2
1301.8981131 7 16 0 8 18 1 9 19 2
1303.0055143925 4 22 0 9 21 1 14 20 2
1305.221746025 13 25 0 13 25 1 11 26 2
1305.3745963425 4 16 0 7 20 1 10 26 2
1307.278700115 9 19 0 11 20 1 12 21 2
1308.01361115 3 29 0 9 24 1 15 19 2
1309.302538005 13 16 0 14 16 1 15 17 2
1309.966830585 7 18 0 5 21 1 4 24 2
1311.1895662725 6 24 0 11 25 1 15 26 2
1316.058739025 12 31 0 11 27 1 10 23 2
1317.3219917875 3 18 0 3 19 1 2 20 2
1318.31536498 6 28 0 8 27 1 11 26 2
1320.081873335 2 26 0 1 26 1 0 28 2
1321.093193225 1 16 0 2 16 1 3 16 2
1321.9517152375 11 27 0 12 28 1 13 29 2
1322.004803785 15 19 0 14 22 1 14 24 2
1322.0219301575 7 23 0 4 24 1 1 26 2
1322.3009427725 6 26 0 2 25 1 1 21 2
1323.3576008025 11 25 0 11 25 1 11 26 2
1325.3160937275 3 24 0 3 21 1 2 19 2
1325.9558381475 10 28 0 11 28 1 12 28 2
1326.883519075 7 24 0 9 23 1 8 26 2
1327.2917152175 9 27 0 9 28 1 9 30 2
1328.2237283125 12 27 0 12 29 1 10 31 2
1328.8875201625 7 19 0 7 19 1 8 20 2
1329.0398524525 15 27 0 12 27 1 10 28 2
1330.1791896925 6 25 0 9 29 1 13 31 2
1330.998022125 5 27 0 7 25 1 8 24 2
1332.0804242575 6 31 0 3 26 1 0 21 2
1332.3799691775 7 25 0 5 25 1 3 24 2
1333.20820714 4 22 0 2 20 1 2 16 2
1334.1333145875 1 19 0 2 19 1 2 20 2
1335.2407140875 10 30 0 11 29 1 12 29 2
1335.8898109725 14 25 0 14 24 1 15 22 2
1336.243682385 2 26 0 2 21 1 2 17 2
1337.1229341775 8 28 0 8 26 1 9 24 2
1337.3619918475 8 25 0 9 27 1 10 30 2
1338.0529290425 12 21 0 10 25 1 8 29 2
1339.185147575 5 25 0 3 28 1 0 31 2
1345.9515318525 6 21 0 11 17 1 15 16 2
1347.105596765 9 26 0 8 26 1 7 21 2
1348.24593228 8 25 0 5 26 1 2 28 2
1350.35942419 3 23 0 2 25 1 0 28 2
1351.9299947025 7 31 0 7 26 1 7 20 2
1354.25180142 14 22 0 14 20 1 15 19 2
1355.1334238775 5 16 0 5 18 1 7 20 2
1355.350711345 11 31 0 12 27 1 12 23 2
1358.9090857925 11 21 0 13 19 1 15 17 2
1359.0627524075 11 24 0 5 25 1 0 27 2
1361.032301085 6 20 0 4 20 1 2 20 2
1361.264280025 14 22 0 15 20 1 15 17 2
1362.2354262275 5 23 0 5 21 1 5 19 2
1363.0094510825 5 26 0 6 23 1 7 20 2
1363.3604315125 1 31 0 7 31 1 12 30 2
1364.331571555 2 22 0 2 31 1 2 19 2
1365.0580620325 9 19 0 10 21 1 11 23 2
1365.1869417475 11 19 0 10 21 1 10 23 2
1367.3459461525 5 25 0 5 24 1 1 21 2
1368.10839077 11 19 0 10 18 1 8 18 2
1370.01663116 3 20 0 5 23 1 7 26 2
1371.0109152175 6 17 0 7 19 1 8 23 2
1373.089300125 5 23 0 5 25 1 5 27 2
1373.1077245075 12 31 0 13 30 1 13 28 2
1373.2836046725 6 28 0 9 22 1 12 17 2
1375.3684585575 3 29 0 4 28 1 6 27 2
1378.337669385 6 20 0 6 23 1 5 27 2
1380.337678835 15 27 0 9 29 1 4 31 2
1380.371971305 8 31 0 9 30 1 10 29 2
1381.9143477075 9 16 0 10 19 1 11 23 2
1382.9414693975 8 31 0 12 30 1 9 29 2
1383.973149735 9 19 0 8 19 1 6 20 2
1384.9083929725 6 16 0 5 19 1 3 21 2
1390.0601317825 10 20 0 11 23 1 13 24 2
1390.93192634 3 19 0 2 18 1 2 18 2
1391.013141485 9 16 0 10 16 1 11 16 2
1393.120892835 9 18 0 8 19 1 6 20 2
1394.2163578275 2 20 0 1 21 1 0 23 2
1396.21880819 2 23 0 5 24 1 8 26 2
1399.302142985 11 28 0 12 28 1 13 28 2
1400.9496788125 6 19 0 5 20 1 4 22 2
1400.973158245 7 25 0 6 23 1 5 20 2
1403.0927535625 10 30 0 12 28 1 14 24 2
1403.1458852875 2 26 0 8 27 1 10 28 2
1403.99058319 14 31 0 6 30 1 0 28 2
1405.935624715 1 21 0 3 20 1 5 20 2
1406.3693522375 14 19 0 11 19 1 8 19 2
1406.960448265 8 31 0 6 27 1 5 24 2
1407.146544245 9 20 0 9 21 1 9 22 2
1412.006128475 12 24 0 11 22 1 12 21 2
1413.27031453 2 31 0 2 26 1 4 21 2
1413.3216453625 5 19 0 5 24 1 6 29 2
1413.9056230575 10 24 0 7 23 1 4 22 2
1414.049207595 7 24 0 5 23 1 2 23 2
1415.2178266375 11 25 0 12 24 1 13 23 2
1415.300189385 8 24 0 6 20 1 7 16 2
1418.2473554625 4 25 0 8 23 1 12 20 2
1419.142602365 12 20 0 7 19 1 2 19 2
1419.9126934225 8 21 0 14 31 1 8 26 2
1421.9457523725 11 16 0 6 24 1 3 30 2
1422.09990913 4 18 0 8 20 1 12 23 2
1423.0574850675 2 17 0 4 19 1 7 23 2
1424.91308129 11 26 0 7 28 1 4 31 2
1425.36994775 1 29 0 2 27 1 1 27 2
1425.9933445775 4 20 0 8 20 1 12 20 2
1426.27324781 11 30 0 11 28 1 11 26 2
1426.36964028 8 29 0 4 30 1 0 30 2
1428.171659875 10 26 0 10 28 1 9 30 2
1428.256601745 7 29 0 8 28 1 8 27 2
1431.0505945325 3 21 0 1 20 1 0 21 2
1431.3518473075 6 24 0 7 24 1 8 26 2
1432.8831121225 12 31 0 13 25 1 8 27 2
1432.8919483775 12 16 0 10 20 1 9 24 2
1433.1478678175 6 24 0 9 19 1 12 17 2
1433.995350795 5 16 0 5 16 1 5 17 2
1434.89313054 3 22 0 1 22 1 0 26 2
1434.93615364 7 29 0 6 30 1 5 30 2
1435.0687496575 14 24 0 13 26 1 11 29 2
1435.3508423725 7 31 0 6 28 1 5 26 2
1436.27174808 10 19 0 12 20 1 13 21 2
1437.968871315 12 22 0 12 21 1 11 20 2
1438.8829215675 4 29 0 2 31 1 0 31 2
1439.2843203925 4 24 0 5 23 1 5 23 2
1439.362594495 2 22 0 4 21 1 6 21 2
1439.373619105 7 25 0 7 27 1 7 29 2
1441.05256644 12 28 0 12 26 1 11 24 2
1441.0888106625 4 22 0 5 21 1 6 21 2
1441.3268576825 5 17 0 5 20 1 6 23 2
1441.9371585125 8 31 0 10 30 1 13 30 2
1443.13398957 9 28 0 10 28 1 12 28 2
1444.9050036175 13 24 0 12 23 1 10 27 2
1449.3487744525 5 20 0 7 21 1 8 23 2
1450.06371552 1 21 0 2 20 1 6 19 2
1450.9496282125 14 22 0 14 25 1 15 28 2
1451.0039592475 10 17 0 9 18 1 9 19 2
1451.1034837825 7 28 0 7 29 1 7 30 2
1456.110910475 3 26 0 7 21 1 11 16 2
1456.2681811875 14 22 0 9 20 1 5 24 2
1456.9261210375 14 31 0 14 28 1 14 24 2
1457.8996196975 8 17 0 10 21 1 12 24 2
1458.9652063175 10 28 0 8 23 1 6 19 2
1459.1612576125 3 27 0 9 24 1 14 21 2
1460.8902872825 8 24 0 5 28 1 1 31 2
1460.9060479025 14 24 0 11 20 1 9 16 2
1461.16960103 11 31 0 9 26 1 8 22 2
1461.232184805 15 27 0 13 27 1 11 26 2
1461.260616825 7 27 0 9 29 1 10 31 2
1462.8885755975 9 23 0 6 19 1 3 16 2
1463.1380864775 7 21 0 6 24 1 5 27 2
1464.25549282 3 20 0 5 19 1 7 18 2
1465.3355958075 2 18 0 5 19 1 8 21 2
1466.072722235 10 25 0 6 26 1 11 26 2
1469.9409943775 15 31 0 11 25 1 6 20 2
1470.0450308725 3 24 0 4 27 1 5 30 2
1470.1124269425 10 21 0 9 20 1 8 20 2
1470.1708563275 10 23 0 12 23 1 13 24 2
1470.311205385 12 30 0 10 26 1 8 23 2
1471.2808382325 14 30 0 14 23 1 13 17 2
1472.27691396 15 31 0 15 31 1 15 31 2
1474.179997805 9 16 0 7 16 1 4 17 2
1478.3262233675 8 23 0 5 19 1 2 16 2
1479.0327138525 15 20 0 11 22 1 8 24 2
1481.0444992275 2 22 0 2 22 1 2 23 2
1481.07312052 6 22 0 9 19 1 13 17 2
1481.1313775425 1 25 0 6 27 1 13 30 2
1483.14927373 11 24 0 10 20 1 9 17 2
1484.06783504 11 19 0 7 24 1 3 30 2
1484.9057921325 8 27 0 5 27 1 2 27 2
1487.05049346 11 31 0 13 27 1 14 24 2
1487.3490467725 11 30 0 10 29 1 9 29 2
1488.22272967 5 28 0 5 28 1 5 27 2
1489.24546755 6 25 0 4 26 1 4 28 2
1490.265030065 3 22 0 9 21 1 14 21 2
1495.2619337175 1 27 0 4 25 1 8 22 2
1496.062741405 7 20 0 7 20 1 7 20 2
1496.3095953375 4 29 0 5 26 1 5 23 2
1497.2367756525 6 29 0 5 29 1 4 28 2
1500.12947134 3 27 0 5 24 1 6 21 2
1500.2671927875 10 28 0 9 28 1 9 26 2
1500.922890995 8 19 0 11 20 1 13 22 2
1500.9230942325 3 18 0 3 18 1 3 20 2
1503.2306379725 5 21 0 9 20 1 13 20 2
1504.913538335 1 21 0 3 20 1 3 19 2
1504.9275235025 15 16 0 14 17 1 13 16 2
1505.37354921 12 25 0 13 25 1 15 26 2
1505.9673216025 8 24 0 10 20 1 12 17 2
1506.17493482 6 20 0 2 20 1 5 24 2
1509.915906115 6 20 0 5 20 1 5 21 2
1509.9645308575 5 27 0 7 28 1 8 29 2
1510.0903980175 12 17 0 8 18 1 4 20 2
1510.9598423675 11 29 0 8 28 1 5 27 2
1511.0307433225 6 22 0 4 24 1 2 26 2
1511.0583667925 15 31 0 10 30 1 1 28 2
1512.2618132825 4 26 0 7 25 1 10 24 2
1512.9136381725 7 22 0 6 22 1 5 23 2
1513.24010578 11 30 0 11 25 1 10 20 2
1514.9471160425 14 27 0 13 26 1 11 26 2
1514.99771594 7 20 0 4 21 1 5 23 2
1515.98805502 13 31 0 12 26 1 10 21 2
1519.1045186525 8 21 0 11 21 1 13 21 2
1519.3476741725 12 29 0 7 23 1 2 19 2
1520.075014905 13 29 0 12 29 1 10 31 2
1520.2921354075 15 21 0 12 21 1 9 22 2
1522.887497515 9 28 0 11 26 1 13 24 2
1522.97100457 14 17 0 13 17 1 10 17 2
1523.243167255 1 29 0 3 29 1 4 29 2
1525.02805988 9 29 0 11 25 1 14 17 2
1525.33663317 12 21 0 12 19 1 11 20 2
1529.89401077 14 21 0 12 21 1 11 21 2
1529.97943031 3 21 0 2 21 1 1 22 2
1531.9178339325 15 23 0 15 24 1 15 26 2
1533.0145827075 4 26 0 3 23 1 2 21 2
1534.0671317175 11 28 0 7 26 1 4 27 2
1534.8900630575 9 17 0 9 21 1 8 26 2
1536.1322985425 2 27 0 1 22 1 0 17 2
1537.2622205375 11 28 0 9 18 1 4 30 2
1538.2336100275 1 24 0 2 22 1 3 22 2
1540.3206207675 1 25 0 1 27 1 2 29 2
1544.2455506075 10 29 0 8 26 1 6 24 2
1545.1054871725 14 29 0 8 17 1 1 18 2
1545.1716093475 3 16 0 2 19 1 0 23 2
1546.9100183575 11 28 0 12 22 1 12 19 2
1547.0050567475 2 22 0 2 26 1 1 31 2
1547.9275385875 13 22 0 14 21 1 14 20 2
1547.94121949 3 17 0 3 18 1 3 19 2
1548.992733375 12 28 0 9 25 1 7 24 2
1549.372904995 1 23 0 1 22 1 1 21 2
1552.9178017375 15 31 0 13 31 1 11 31 2
1553.26591516 2 16 0 11 19 1 6 16 2
1555.25091417 15 24 0 11 21 1 6 19 2
1555.28668472 10 28 0 8 24 1 5 20 2
1555.902603925 12 22 0 8 24 1 5 26 2
1556.34620537 2 21 0 3 20 1 3 18 2
1557.891972505 7 27 0 4 28 1 0 30 2
1558.1945937525 8 29 0 11 26 1 14 23 2
1558.93897599 6 22 0 6 23 1 6 26 2
1560.0910032825 9 23 0 11 21 1 13 20 2
1562.9586709275 1 26 0 3 28 1 5 31 2
1564.00462551 4 27 0 4 25 1 5 24 2
1564.076583365 5 21 0 3 23 1 1 27 2
1564.1396494575 6 20 0 10 23 1 14 26 2
1566.30321519 3 28 0 2 27 1 0 24 2
1568.025720025 2 25 0 4 22 1 7 20 2
1568.2684730325 10 30 0 11 27 1 13 24 2
1570.187010155 3 29 0 4 26 1 4 24 2
1571.1321895275 6 30 0 3 31 1 0 31 2
1572.044560055 13 30 0 11 27 1 9 26 2
1572.19054166 12 30 0 12 28 1 14 27 2
1573.0688544975 15 21 0 14 21 1 12 21 2
1574.21769502 14 16 0 7 19 1 0 24 2
1574.892768525 1 20 0 1 22 1 1 24 2
1575.1741361475 1 23 0 0 19 1 0 16 2
1576.179695385 6 20 0 8 20 1 10 21 2
1577.22110168 11 26 0 12 25 1 13 24 2
1577.36749928 11 20 0 10 17 1 9 16 2
1579.8802158525 7 28 0 4 28 1 1 29 2
1581.3639946 2 17 0 3 21 1 3 26 2
1581.3718910625 8 27 0 4 25 1 0 24 2
1581.89434669 1 22 0 11 22 1 1 22 2
1583.080689165 8 29 0 7 26 1 6 24 2
1583.22282447 10 20 0 10 20 1 10 20 2
1583.27747227 8 29 0 8 24 1 15 16 2
1584.05954141 8 20 0 9 21 1 14 22 2
1588.003760655 12 18 0 8 22 1 15 27 2
1589.0847210875 4 31 0 4 30 1 5 28 2
1592.202702625 7 31 0 6 29 1 5 28 2
1593.9817944675 2 16 0 2 20 1 1 26 2
1594.18194054 9 16 0 8 17 1 6 19 2
1595.91317748 13 31 0 9 20 1 0 26 2
1596.005094385 12 31 0 9 23 1 6 17 2
1599.1068614 2 30 0 1 31 1 0 31 2
1603.1759052075 10 28 0 7 29 1 3 30 2
1603.339497545 1 21 0 2 24 1 3 27 2
1605.1193002925 12 23 0 12 31 1 12 28 2
1609.051372015 3 26 0 3 28 1 3 31 2
1609.090003905 1 26 0 3 22 1 5 18 2
1609.208849015 7 20 0 13 22 1 15 23 2
1609.254537005 11 22 0 7 22 1 3 23 2
1610.9988745275 7 18 0 9 17 1 11 18 2
1611.0936545075 2 20 0 5 19 1 8 21 2
1613.1338746725 6 28 0 4 22 1 3 27 2
1614.16572346 11 17 0 12 16 1 14 16 2
1615.9758523125 1 18 0 2 17 1 3 18 2
1616.9903750375 7 23 0 5 25 1 3 27 2
1618.3029985875 1 25 0 6 19 1 11 16 2
1619.9906475525 11 29 0 7 29 1 3 29 2
1620.883484665 13 20 0 9 17 1 5 16 2
1621.11591569 11 28 0 7 25 1 3 22 2
1621.226665355 3 19 0 3 21 1 3 24 2
1621.2361240375 12 25 0 12 21 1 12 17 2
1621.99054503 13 29 0 12 24 1 10 20 2
1626.0382980525 5 20 0 5 21 1 6 22 2
1626.1297225575 15 23 0 9 26 1 3 22 2
1627.1013053975 5 31 0 9 30 1 10 27 2
1627.351307705 5 26 0 4 21 1 3 17 2
1629.038843185 15 17 0 7 23 1 0 29 2
1631.17557071 5 19 0 12 24 1 14 23 2
1631.335099465 12 21 0 12 20 1 12 19 2
1634.956340485 11 22 0 10 21 1 10 21 2
1635.32244584 8 25 0 8 24 1 8 24 2
1636.99604552 6 21 0 7 19 1 8 19 2
1637.289415175 7 27 0 9 26 1 12 24 2
1638.1599296875 12 19 0 11 18 1 10 17 2
1641.89507673 1 26 0 1 20 1 4 16 2
1641.92477906 4 16 0 3 21 1 1 26 2
1642.121684835 9 19 0 5 20 1 2 21 2
1642.30066961 8 21 0 12 20 1 15 20 2
1645.00047752 15 16 0 14 16 1 13 17 2
1648.1289869875 5 29 0 6 31 1 7 26 2
1648.32291188 12 20 0 14 19 1 15 19 2
1650.255464945 9 24 0 8 31 1 7 19 2
1651.074618785 5 22 0 3 20 1 1 18 2
1651.2544863875 13 19 0 10 24 1 6 29 2
1651.3189003225 5 28 0 3 25 1 2 23 2
1652.1155601825 9 26 0 11 26 1 12 23 2
1652.17011446 8 31 0 8 25 1 9 19 2
1652.2029463875 5 30 0 4 28 1 3 26 2
1653.93099787 14 22 0 14 19 1 14 16 2
1653.9619445025 2 25 0 3 20 1 4 16 2
1653.9622020475 12 31 0 11 28 1 11 26 2
1655.145859285 9 28 0 10 27 1 11 26 2
1656.325207185 10 22 0 10 26 1 11 30 2
1660.295392145 1 25 0 4 22 1 8 19 2
1662.02930944 7 30 0 9 30 1 10 31 2
1662.03358455 5 27 0 4 23 1 4 20 2
1662.1246848775 13 20 0 10 17 1 7 16 2
1665.2850170375 11 17 0 12 18 1 15 22 2
1665.34639102 4 27 0 6 26 1 9 24 2
1666.0478544425 15 20 0 13 19 1 10 19 2
1667.1975083325 1 28 0 1 30 1 4 30 2
1667.2113729825 5 30 0 3 31 1 0 31 2
1667.3395753825 12 22 0 11 24 1 10 27 2
1668.9533170175 6 24 0 5 25 1 3 28 2
1669.0056712125 11 28 0 10 27 1 9 26 2
1669.1928167075 5 29 0 3 23 1 1 17 2
1670.2912138925 6 24 0 3 24 1 0 24 2
1674.1136270625 15 24 0 13 24 1 11 23 2
1674.19664709 12 31 0 13 24 1 14 16 2
1674.9663090325 5 27 0 7 26 1 9 26 2
1675.1078796025 9 21 0 6 20 1 2 19 2
1676.0482354625 6 31 0 6 23 1 6 16 2
1678.8846838825 8 28 0 4 28 1 1 28 2
1679.3046056275 5 22 0 9 21 1 12 21 2
1681.9397094625 13 28 0 9 25 1 4 21 2
1684.22205123 9 16 0 9 17 1 11 20 2
1686.1405248425 3 27 0 6 26 1 9 28 2
1686.2587981725 10 22 0 10 23 1 9 24 2
1688.0117891725 14 24 0 15 23 1 15 21 2
1688.341924355 6 28 0 6 25 1 7 22 2
1689.3523584175 2 25 0 1 25 1 2 22 2
1691.3114019225 12 26 0 11 25 1 10 24 2
1693.1931698725 10 24 0 11 23 1 12 22 2
1693.250868525 7 27 0 5 25 1 14 27 2
1694.1891326425 6 31 0 6 31 1 5 31 2
1694.190876355 9 30 0 9 30 1 9 29 2
1695.1807228925 15 25 0 12 26 1 12 28 2
1696.30904568 12 24 0 9 29 1 3 29 2
1697.254911235 5 21 0 4 19 1 4 24 2
1697.3100793825 7 21 0 2 21 1 1 24 2
1699.32491813 6 17 0 5 18 1 6 21 2
1699.3650741725 10 31 0 10 30 1 11 29 2
1699.998486225 10 16 0 10 18 1 10 21 2
1700.237038375 10 23 0 11 25 1 11 27 2
1701.35619962 12 25 0 9 25 1 8 20 2
1702.0867377925 12 25 0 7 20 1 2 8 2
1706.3029071225 10 26 0 7 21 1 4 16 2
1706.9536081575 13 29 0 12 26 1 10 24 2
1708.33491271 8 26 0 7 24 1 6 21 2
1709.0445660075 8 16 0 7 21 1 6 26 2
1709.37375081 4 20 0 3 18 1 3 17 2
1710.341437775 6 26 0 9 26 1 13 27 2
1713.2179284425 4 19 0 2 21 1 7 18 2
1716.3044526225 6 17 0 8 24 1 10 31 2
1716.359845775 6 25 0 10 21 1 13 24 2
1718.02096966 5 26 0 8 27 1 12 29 2
1718.031976115 13 30 0 13 29 1 13 27 2
1718.99991354 13 21 0 8 26 1 2 31 2
1719.94299629 1 18 0 4 16 1 7 16 2
1720.2146160925 12 19 0 8 19 1 6 21 2
1721.1018147025 11 27 0 12 28 1 13 29 2
1723.2331417575 3 21 0 3 21 1 4 21 2
1725.2060625375 2 17 0 5 17 1 8 18 2
1725.34692238 2 30 0 7 31 1 7 31 2
1726.300866615 13 17 0 12 18 1 12 19 2
1726.97264379 10 26 0 9 25 1 8 24 2
1727.9591116475 8 25 0 5 21 1 2 18 2
1730.88258713 4 27 0 3 25 1 2 23 2
1730.9716279675 2 20 0 3 18 1 4 18 2
1731.18228895 5 19 0 10 21 1 15 23 2
1731.3167228625 1 9 0 4 21 1 7 24 2
1731.3426347625 10 19 0 11 19 1 11 19 2
1732.2812113875 12 16 0 14 19 1 11 21 2
1733.2369197625 3 22 0 4 22 1 5 24 2
1735.1233097825 5 18 0 6 20 1 8 22 2
1737.2365808425 7 28 0 5 30 1 3 31 2
1740.010182565 13 29 0 10 26 1 7 23 2
1740.3743592675 13 16 0 11 20 1 9 28 2
1743.982886455 13 29 0 11 28 1 10 27 2
1744.015744445 15 16 0 12 16 1 10 16 2
1744.06574268 15 29 0 11 24 1 5 24 2
1744.9784962925 4 31 0 4 30 1 4 29 2
1745.3180924825 5 21 0 3 22 1 2 24 2
1746.0339814825 13 23 0 13 25 1 12 28 2
1746.083941065 2 20 0 5 18 1 8 16 2
1746.29437031 13 24 0 10 25 1 7 27 2
1747.0697444275 5 28 0 5 28 1 4 29 2
1747.9619954225 10 22 0 11 22 1 11 23 2
1752.022266485 11 31 0 13 29 1 14 28 2
1752.2565940025 7 16 0 7 17 1 8 19 2
1753.233195815 6 21 0 9 24 1 12 28 2
1755.1560301 15 17 0 14 16 1 14 17 2
1761.010499595 14 22 0 12 24 1 9 26 2
1761.342662505 5 28 0 5 24 1 4 19 2
1761.9933764075 4 30 0 7 30 1 9 30 2
1763.896094165 6 22 0 3 22 1 1 24 2
1764.3557530475 8 23 0 6 19 1 5 16 2
1765.0375058375 2 20 0 1 21 1 1 22 2
1765.0835356075 13 27 0 12 26 1 11 26 2
1765.216718095 9 18 0 6 19 1 3 22 2
1765.293204625 13 22 0 8 25 1 3 28 2
1770.1652216925 8 20 0 6 20 1 5 21 2
1770.2331961275 2 16 0 2 23 1 2 29 2
1770.2863011275 5 25 0 4 20 1 2 17 2
1770.8998113825 13 19 0 14 17 1 14 16 2
1771.07528134 5 21 0 4 30 1 3 22 2
1772.070425125 10 26 0 8 26 1 5 27 2
1772.2461502025 11 29 0 6 22 1 0 16 2
1773.8889163925 7 31 0 5 30 1 2 29 2
1773.96694063 9 28 0 7 29 1 5 29 2
1773.9937623675 9 23 0 10 27 1 11 31 2
1774.0368831275 8 29 0 12 27 1 15 26 2
1774.2599640325 8 26 0 8 29 1 8 31 2
1776.97839606 12 19 0 13 20 1 15 20 2
1780.194413265 10 20 0 12 20 1 3 22 2
1785.006116975 1 28 0 8 30 1 14 29 2
1785.092176975 6 17 0 3 18 1 1 20 2
1786.2443666175 6 23 0 5 24 1 4 24 2
1790.047489405 3 20 0 2 20 1 1 22 2
1791.94416787 7 27 0 11 29 1 15 31 2
1792.0082481425 12 23 0 12 20 1 12 17 2
1794.14409352 1 23 0 1 22 1 1 22 2
1795.0415656475 6 19 0 3 19 1 0 20 2
1795.1970896125 13 29 0 13 28 1 12 27 2
1796.1600172625 13 28 0 3 28 1 0 27 2
1797.0429808075 3 25 0 5 27 1 7 30 2
1797.17270327 9 19 0 5 18 1 1 18 2
1797.992581945 13 28 0 13 29 1 12 31 2
1799.1216381975 15 26 0 8 27 1 0 29 2
1800.23777585 2 19 0 3 20 1 4 22 2
1801.27920841 14 23 0 11 26 1 9 29 2
1801.9358227625 15 26 0 14 23 1 12 20 2
1802.058100875 7 21 0 6 21 1 6 23 2
1802.1698331775 15 24 0 15 24 1 15 24 2
1802.31701516 7 23 0 9 20 1 11 17 2
1802.367720585 7 25 0 5 24 1 2 24 2
1803.088797845 12 17 0 6 17 1 15 19 2
1803.2415241575 15 17 0 15 16 1 14 17 2
1804.07680835 1 22 0 4 16 1 9 21 2
1806.9491329075 12 25 0 12 21 1 12 18 2
1808.336102765 12 28 0 9 28 1 7 28 2
1809.0791329825 8 23 0 11 21 1 15 20 2
1814.026478125 2 19 0 6 24 1 9 31 2
1814.134754345 11 25 0 10 27 1 8 30 2
1815.99294279 13 20 0 13 20 1 10 21 2
1816.237005075 3 27 0 5 29 1 7 31 2
1818.1501832325 3 29 0 6 27 1 9 26 2
1819.884661445 1 29 0 3 19 1 6 27 2
1820.9528488625 8 26 0 6 28 1 3 31 2
1825.234623805 13 23 0 6 26 1 0 30 2
1826.9570311525 6 27 0 11 22 1 15 17 2
1827.304887615 3 16 0 4 21 1 6 28 2
1828.3257177175 15 29 0 14 27 1 14 26 2
1828.3320175075 10 27 0 11 26 1 14 29 2
1828.9613472475 1 21 0 5 20 1 6 20 2
1831.0570920425 7 21 0 11 18 1 14 30 2
1834.11386432 11 22 0 13 24 1 15 27 2
1834.9216959675 12 16 0 12 23 1 12 31 2
1836.14582096 2 20 0 1 19 1 0 17 2
1837.2037982525 5 30 0 5 28 1 4 26 2
1837.939620725 2 17 0 3 19 1 4 23 2
1839.0829919825 3 25 0 6 21 1 9 19 2
1839.3042812375 7 30 0 5 30 1 4 31 2
1840.89571418 2 31 0 4 26 1 6 22 2
1840.958035445 12 16 0 12 17 1 11 17 2
1841.3738915725 9 27 0 11 25 1 12 23 2
1843.1623442875 3 16 0 7 17 1 10 20 2
1843.328993825 6 20 0 9 20 1 12 21 2
1843.3750676875 4 27 0 2 29 1 1 31 2
1844.053951085 5 20 0 6 20 1 8 20 2
1844.2063491275 9 23 0 9 23 1 9 23 2
1845.1836190425 6 26 0 5 27 1 5 27 2
1845.319771725 8 22 0 9 25 1 11 28 2
1845.9440704125 1 24 0 7 21 1 13 19 2
1847.1411926025 2 23 0 4 26 1 4 28 2
1847.2843553225 10 25 0 9 20 1 7 16 2
1847.2872473275 14 17 0 11 16 1 7 16 2
1848.97317682 4 29 0 4 26 1 4 23 2
1853.138787035 4 28 0 5 27 1 7 26 2
1855.3221615725 13 28 0 8 26 1 3 24 2
1857.321904425 13 21 0 10 22 1 6 23 2
1861.2822328175 1 21 0 5 19 1 8 17 2
1862.070894855 10 31 0 8 30 1 6 28 2
1862.1731460275 3 25 0 3 26 1 4 28 2
1864.0150651775 8 29 0 11 29 1 13 29 2
1866.1346996025 12 30 0 14 28 1 15 27 2
1866.88427273 11 19 0 12 17 1 12 16 2
1867.0442941625 11 21 0 9 25 1 8 28 2
1870.073971345 8 25 0 7 24 1 7 24 2
1870.19090706 5 18 0 5 19 1 7 22 2
1871.89813594 10 20 0 10 25 1 10 30 2
1872.3247215825 15 30 0 14 31 1 13 31 2
1873.134739915 14 31 0 14 25 1 15 20 2
1873.304458665 13 22 0 11 21 1 8 21 2
1874.3409130775 15 19 0 12 21 1 9 24 2
1878.064210225 7 28 0 5 29 1 2 29 2
1879.2016852025 8 24 0 11 21 1 13 19 2
1882.9510426525 11 30 0 7 28 1 2 26 2
1884.22308054 7 16 0 10 17 1 13 19 2
1885.19412838 7 23 0 9 28 1 9 31 2
1886.375636965 13 22 0 13 25 1 14 29 2
1890.1323725275 13 30 0 11 29 1 9 28 2
1890.912038545 11 22 0 3 21 1 8 22 2
1891.9093214725 4 21 0 5 22 1 6 24 2
1892.0394966575 11 20 0 9 21 1 7 23 2
1893.1153447825 13 30 0 12 30 1 11 31 2
1896.9608208325 1 26 0 3 22 1 4 19 2
1898.2116388575 7 25 0 8 26 1 8 26 2
1901.3069051575 10 17 0 7 17 1 4 17 2
1902.0646829925 6 24 0 6 24 1 6 24 2
1903.0605485825 14 18 0 13 21 1 12 24 2
1904.128230135 8 27 0 7 28 1 5 29 2
1905.8943397775 9 16 0 12 16 1 15 16 2
1906.985625455 12 21 0 6 20 1 1 22 2
1907.0749430025 8 28 0 7 25 1 7 22 2
1907.11729088 13 29 0 13 29 1 14 29 2
1907.247036305 9 25 0 6 25 1 2 26 2
1908.115332815 3 29 0 3 23 1 2 17 2
1910.9476485875 4 29 0 5 28 1 7 27 2
1911.21093586 3 22 0 2 24 1 0 27 2
1911.2497489525 13 19 0 14 27 1 15 28 2
1912.079041515 10 24 0 9 23 1 7 22 2
1913.2676055025 9 29 0 10 27 1 11 26 2
1913.3045107775 12 26 0 8 28 1 3 30 2
1913.8909469475 11 27 0 12 25 1 15 31 2
1914.3686573725 11 20 0 12 17 1 12 16 2
1915.0498285475 15 16 0 13 18 1 12 20 2
1915.95189529 12 20 0 8 23 1 4 27 2
1916.253232585 1 8 0 6 23 1 12 21 2
1918.9878424275 3 26 0 5 26 1 8 27 2
1919.01154339 6 29 0 4 28 1 1 27 2
1921.16028585 11 28 0 9 28 1 8 29 2
1921.277196215 5 16 0 5 16 1 4 16 2
1922.195433835 5 28 0 5 29 1 4 30 2
1923.1182367725 7 16 0 8 19 1 10 21 2
1923.2468058275 13 27 0 13 28 1 13 29 2
1924.891434905 12 21 0 13 20 1 15 19 2
1924.9922489675 6 25 0 8 22 1 11 19 2
1925.916689275 8 25 0 6 22 1 4 20 2
1927.153589495 6 26 0 7 28 1 7 30 2
1929.291071195 1 24 0 3 22 1 4 21 2
1931.0564354675 5 21 0 7 20 1 8 20 2
1931.1911466975 5 28 0 7 29 1 10 31 2
1933.931983365 9 17 0 12 20 1 15 23 2
1934.04804368 4 29 0 6 29 1 8 30 2
1934.1822262325 3 20 0 6 21 1 9 21 2
1935.1321690125 13 20 0 14 25 1 15 31 2
1937.0337498925 8 23 0 11 23 1 14 24 2
1938.9407180925 15 27 0 15 29 1 15 30 2
1938.9699669025 14 17 0 8 20 1 3 24 2
1940.2637879 8 27 0 5 20 1 1 29 2
1941.0035302 3 18 0 2 17 1 0 17 2
1941.1822729725 8 19 0 9 23 1 11 28 2
1942.1047736475 1 20 0 2 19 1 2 19 2
1946.0162075925 15 21 0 10 23 1 5 22 2
1946.17227692 7 17 0 5 20 1 5 24 2
1947.37314916 13 20 0 13 21 1 13 23 2
1948.22644824 15 20 0 12 21 1 8 24 2
1952.2469769875 6 20 0 8 19 1 9 19 2
1954.16464593 9 26 0 8 27 1 7 29 2
1955.00207591 8 22 0 8 19 1 9 17 2
1955.3530287175 4 21 0 4 23 1 4 26 2
1958.30316971 4 21 0 3 20 1 1 20 2
1960.89023732 4 16 0 4 17 1 5 19 2
1962.0610051475 6 30 0 6 29 1 5 28 2
1962.982783165 14 21 0 14 24 1 14 27 2
1963.943665015 15 20 0 15 21 1 14 23 2
1963.9557459325 2 29 0 5 27 1 8 24 2
1964.335911965 15 18 0 15 23 1 14 29 2
1965.930227665 3 16 0 3 18 1 4 21 2
1966.15619544 9 19 0 9 18 1 8 18 2
1966.903962815 11 20 0 13 20 1 15 20 2
1967.9284861725 2 28 0 4 28 1 6 27 2
1968.2443412625 10 26 0 10 28 1 10 31 2
1970.08024161 3 17 0 7 16 1 12 16 2
1971.0688266675 5 28 0 3 29 1 3 31 2
1972.23783016 3 28 0 2 31 1 1 17 2
1972.282748675 11 20 0 6 23 1 1 26 2
1974.0170561175 14 19 0 10 20 1 6 22 2
1974.03526515 9 23 0 10 20 1 11 18 2
1974.90824593 2 22 0 2 25 1 2 27 2
1977.2318240725 1 19 0 7 24 1 11 31 2
1977.9171441425 7 21 0 6 22 1 6 23 2
1978.29098784 7 19 0 5 18 1 2 17 2
1978.30135485 13 26 0 14 24 1 15 22 2
1981.281298665 13 27 0 9 26 1 5 26 2
1981.3301008475 11 26 0 9 28 1 7 30 2
1981.88014124 3 22 0 1 21 1 0 21 2
1982.290680465 5 24 0 5 23 1 5 22 2
1982.31935731 9 20 0 11 23 1 13 27 2
1982.944834465 9 19 0 7 21 1 10 24 2
1984.1127559 12 25 0 13 26 1 13 27 2
1986.0022181725 13 23 0 8 19 1 3 16 2
1986.1103517275 6 22 0 4 24 1 2 27 2
1986.1161314625 11 22 0 11 20 1 11 18 2
1986.97543164 15 25 0 14 27 1 13 30 2
1987.052174865 6 17 0 6 16 1 6 16 2
1987.261659365 3 19 0 5 27 1 6 30 2
1987.30135069 7 19 0 7 20 1 6 22 2
1989.26214153 10 21 0 10 25 1 11 29 2
1989.343945165 14 16 0 9 21 1 4 27 2
1990.3245693225 7 17 0 8 19 1 9 22 2
1991.3788002975 8 22 0 8 24 1 11 28 2
1994.0337052925 8 16 0 9 16 1 10 16 2
1994.0723119375 5 25 0 4 23 1 4 24 2
1994.9334986725 9 28 0 10 16 1 0 20 2
1996.9596559275 5 25 0 3 22 1 1 20 2
1997.3800031125 15 21 0 15 20 1 15 18 2
1998.9099324075 13 19 0 9 23 1 5 27 2
1999.0448163525 4 24 0 4 23 1 5 22 2
1999.9201323 10 30 0 9 29 1 7 28 2
2003.0330690775 7 20 0 6 18 1 6 17 2
2004.9013449475 1 21 0 7 25 1 12 30 2
2005.327930715 7 17 0 8 17 1 9 17 2
2006.1686952225 11 30 0 11 30 1 11 29 2
2006.930597715 4 21 0 7 20 1 10 22 2
2009.9311916275 8 19 0 8 17 1 9 16 2
2010.0532045725 1 28 0 8 29 1 15 30 2
2010.332855165 13 17 0 10 24 1 11 29 2
2010.984079875 11 23 0 11 25 1 11 28 2
2012.9186684575 5 26 0 5 24 1 4 23 2
2013.27178284 8 25 0 3 23 1 1 21 2
2014.0264720425 12 28 0 7 26 1 4 24 2
2017.0675857675 8 25 0 9 27 1 10 28 2
2018.3750468325 4 16 0 4 16 1 3 16 2
2018.9912772325 14 19 0 14 24 1 14 19 2
2020.1772214425 10 28 0 4 25 1 15 23 2
2020.2944252725 4 21 0 5 20 1 5 20 2
2021.0143283725 7 16 0 8 21 1 8 27 2
2022.0498769025 8 24 0 4 26 1 4 28 2
2022.0786293725 2 24 0 6 25 1 14 27 2
2023.0472268825 4 27 0 10 28 1 15 29 2
2023.127912875 11 26 0 13 28 1 14 31 2
2023.21514069 15 30 0 15 29 1 15 23 2
2023.3730056375 9 31 0 11 31 1 13 30 2
2025.0297867125 2 17 0 6 16 1 5 16 2
2026.1211427175 7 17 0 7 17 1 8 18 2
2026.3141055525 11 25 0 9 24 1 5 26 2
2026.92709754 5 17 0 7 19 1 9 22 2
2026.942445025 14 16 0 11 21 1 8 26 2
2029.112174605 13 20 0 10 17 1 7 16 2
2032.0698542675 13 31 0 9 31 1 6 29 2
2033.064625915 11 20 0 8 18 1 5 17 2
2033.2683293 4 23 0 8 26 1 13 29 2
2034.3271664 6 27 0 3 27 1 1 27 2
2036.049782905 15 19 0 15 17 1 15 16 2
2036.2482956675 10 22 0 9 22 1 8 22 2
2037.88603603 12 23 0 10 23 1 9 24 2
2038.30032275 6 21 0 8 21 1 10 21 2
2040.9790959225 4 21 0 3 21 1 0 19 2
2041.2333004225 10 21 0 6 18 1 4 16 2
2041.2417944075 9 20 0 8 18 1 7 18 2
2041.24991117 15 31 0 10 24 1 5 17 2
2041.25066543 10 17 0 9 17 1 8 18 2
2042.1504571925 13 16 0 9 22 1 10 17 2
2045.06302029 10 29 0 5 24 1 0 19 2
2045.93956587 9 23 0 7 22 1 6 23 2
2046.121727025 6 26 0 4 25 1 3 24 2
2050.97195637 8 30 0 11 28 1 14 26 2
2051.1962249 4 27 0 6 29 1 8 31 2
2051.26659969 4 24 0 8 23 1 12 22 2
2052.162989615 4 24 0 9 24 1 14 24 2
2052.88795763 9 26 0 10 27 1 11 28 2
2054.8965667675 4 28 0 4 26 1 3 24 2
2055.9519372325 8 30 0 10 26 1 12 22 2
2057.1371386025 14 18 0 14 21 1 15 24 2
2057.137693125 4 25 0 8 26 1 15 23 2
2058.2361351075 12 24 0 12 22 1 12 20 2
2059.095272415 6 16 0 10 21 1 14 27 2
2060.0626298525 13 27 0 11 28 1 9 30 2
2061.1691527275 1 22 0 2 23 1 4 11 2
2062.208233315 5 30 0 8 31 1 11 31 2
2062.2383930175 6 31 0 11 25 1 15 20 2
2063.3003728125 13 25 0 12 23 1 11 21 2
2063.3153657075 2 31 0 4 27 1 6 24 2
2063.909174515 1 16 0 3 17 1 4 18 2
2066.213323335 9 27 0 7 22 1 6 17 2
2067.98403139 8 17 0 10 17 1 13 18 2
2068.112639825 9 17 0 9 16 1 7 18 2
2071.1025797175 10 23 0 9 25 1 8 28 2
2071.275820855 12 27 0 11 28 1 10 31 2
2072.3190575575 8 25 0 8 23 1 8 22 2
2072.329553785 11 21 0 5 23 1 0 26 2
2074.0230923275 2 29 0 8 29 1 13 27 2
2074.9653132825 6 24 0 10 25 1 15 26 2
2075.9908867025 5 29 0 5 29 1 4 28 2
2077.04150023 5 25 0 10 24 1 14 23 2
2077.0834974425 7 23 0 7 25 1 7 28 2
2077.30747853 8 22 0 10 21 1 11 20 2
2079.1366987825 8 30 0 4 29 1 0 29 2
2079.2331916625 9 28 0 11 29 1 12 30 2
2081.06305364 11 30 0 11 29 1 11 28 2
2081.3670698675 3 27 0 4 23 1 6 19 2
2083.3120004425 6 29 0 6 29 1 6 30 2
2088.27737089 6 17 0 8 18 1 10 20 2
2089.95934297 4 20 0 4 22 1 5 24 2
2091.077284255 15 18 0 10 20 1 5 22 2
2092.92648669 7 29 0 4 30 1 0 30 2
2093.165044335 8 25 0 8 21 1 8 18 2
2097.28902446 14 31 0 15 31 1 15 30 2
2098.1209594475 5 25 0 8 24 1 11 23 2
2098.97702987 5 24 0 6 23 1 8 23 2
2099.1325211675 12 26 0 9 24 1 9 23 2
2099.237911205 2 22 0 2 24 1 2 26 2
2099.9420984 7 25 0 6 23 1 5 22 2
2100.09672451 4 19 0 3 19 1 2 21 2
2100.16170172 6 29 0 4 22 1 3 19 2
2101.1168133 6 21 0 5 16 1 4 17 2
2103.34675989 3 21 0 3 20 1 4 20 2
2105.017050685 1 29 0 3 26 1 4 27 2
2105.0421644975 12 31 0 13 28 1 15 24 2
2105.218795645 8 19 0 10 19 1 12 18 2
2108.24372984 4 24 0 3 24 1 3 24 2
2108.3704429575 3 17 0 11 17 1 5 19 2
2109.2301463725 4 18 0 4 21 1 3 26 2
2109.27223315 6 26 0 8 22 1 9 19 2
2109.9019063225 13 28 0 13 29 1 12 31 2
2111.990391835 14 25 0 14 24 1 14 23 2
2113.125242115 12 25 0 13 23 1 15 21 2
2114.0485733 6 27 0 5 25 1 4 21 2
2114.1329826975 10 26 0 13 23 1 15 21 2
2115.2847115725 12 21 0 9 19 1 7 17 2
2116.0957281475 2 17 0 4 17 1 6 17 2
2117.0713739875 5 22 0 4 25 1 4 28 2
2117.1008620475 13 26 0 10 26 1 8 26 2
2117.1609700275 15 16 0 14 19 1 13 23 2
2117.2578088625 7 21 0 10 20 1 13 18 2
2118.887646305 15 27 0 13 24 1 10 18 2
2119.1436457475 11 22 0 11 22 1 12 24 2
2119.3789148125 6 27 0 10 25 1 14 24 2
2119.993776855 5 26 0 7 24 1 9 21 2
2120.1586002225 3 21 0 3 24 1 3 27 2
2126.2603687725 2 16 0 4 19 1 6 24 2
2126.8848899325 7 30 0 5 27 1 4 24 2
2127.369712035 5 21 0 5 19 1 5 18 2
2128.032115225 8 19 0 5 20 1 2 22 2
2128.095377035 7 28 0 9 28 1 11 28 2
2129.2848335275 9 25 0 7 26 1 5 27 2
2130.3614225925 8 22 0 8 26 1 8 30 2
2132.886956905 10 29 0 7 29 1 3 29 2
2132.9540436175 14 20 0 14 23 1 14 26 2
2134.048393195 1 16 0 6 22 1 11 27 2
2134.05767322 8 21 0 9 24 1 9 27 2
2134.26845071 9 17 0 8 16 1 7 16 2
2135.97221953 9 29 0 5 23 1 0 17 2
2142.1100133975 4 28 0 5 25 1 7 22 2
2143.20194665 15 19 0 7 21 1 9 24 2
2145.0899785325 1 23 0 2 21 1 4 19 2
2146.3212221025 13 26 0 7 28 1 1 29 2
2147.094903055 4 25 0 3 22 1 3 21 2
2150.31631096 8 16 0 5 18 1 1 21 2
2152.2267621675 12 28 0 10 24 1 9 20 2
2153.1781333025 6 27 0 4 27 1 3 28 2
2154.0680977175 11 27 0 11 24 1 10 22 2
2154.97075217 6 22 0 3 25 1 0 29 2
2155.3412564675 11 21 0 7 18 1 3 16 2
2156.06788737 15 17 0 15 16 1 15 16 2
2158.204280935 9 22 0 9 21 1 10 21 2
2158.2507670975 2 26 0 2 28 1 1 30 2
2158.930931795 11 22 0 6 22 1 1 23 2
2159.3432821425 12 24 0 13 24 1 14 24 2
2159.98629453 8 25 0 5 27 1 5 29 2
2160.10664583 10 26 0 11 24 1 12 23 2
2160.3354905325 7 17 0 6 17 1 5 18 2
2160.9071108425 8 19 0 4 20 1 11 22 2
2161.245218025 10 20 0 13 20 1 8 21 2
2161.9976442425 7 31 0 12 26 1 15 27 2
2166.07005619 7 20 0 5 19 1 3 19 2
2166.245531975 5 30 0 7 29 1 8 29 2
2167.1073308325 4 31 0 5 31 1 5 31 2
2168.3066247325 5 21 0 6 18 1 7 16 2
2168.3733759025 1 18 0 0 18 1 0 17 2
2171.1721061 9 26 0 10 27 1 10 28 2
2171.9488881 5 24 0 3 26 1 1 29 2
2172.1379072325 11 30 0 8 28 1 6 27 2
2172.176823115 12 28 0 13 27 1 14 27 2
2175.88386615 2 23 0 2 26 1 2 30 2
2178.9162029 14 29 0 10 28 1 6 27 2
2179.25189914 11 18 0 11 19 1 10 20 2
2180.304794745 11 18 0 12 19 1 13 21 2
2181.2029395175 10 20 0 11 23 1 12 20 2
2183.250781525 9 30 0 10 27 1 12 24 2
2184.90954627 12 31 0 14 29 1 15 26 2
2185.031237775 6 23 0 7 19 1 8 16 2
2186.92404374 4 19 0 3 20 1 2 22 2
2191.2978186775 7 18 0 9 21 1 11 24 2
2192.0006228825 4 26 0 4 28 1 4 30 2
2192.3356814 9 18 0 10 18 1 11 19 2
2194.0007715775 9 22 0 9 18 1 12 18 2
2194.334833865 7 17 0 7 20 1 6 24 2
2197.0259511825 2 27 0 1 23 1 1 21 2
2197.246752145 6 20 0 5 20 1 4 19 2
2198.14904247 5 25 0 6 20 1 7 16 2
2198.353008475 4 25 0 5 27 1 7 28 2
2202.0727582875 6 17 0 10 19 1 14 21 2
2204.061147145 9 27 0 8 25 1 7 23 2
2208.12102334 5 24 0 4 25 1 2 27 2
2208.99831333 10 23 0 12 22 1 14 20 2
2210.315385185 2 19 0 4 18 1 3 16 2
2211.217442545 2 26 0 5 25 1 9 24 2
2211.3398451425 13 19 0 9 21 1 5 24 2
2212.33897229 10 17 0 6 17 1 3 17 2
2214.283594135 9 25 0 5 22 1 1 19 2
2214.3086451875 7 28 0 7 25 1 8 22 2
2219.2163038075 6 31 0 7 30 1 6 29 2
2220.038378725 9 21 0 8 20 1 8 20 2
2220.17360422 13 31 0 7 31 1 0 31 2
2220.2874751475 6 25 0 7 22 1 8 20 2
2221.045748025 12 22 0 9 23 1 8 24 2
2221.12589928 6 30 0 5 28 1 3 26 2
2223.109302165 9 17 0 10 21 1 11 24 2
2223.889287315 8 21 0 2 25 1 9 20 2
2224.14561612 12 24 0 11 21 1 10 18 2
2224.3470519475 6 21 0 5 24 1 4 27 2
2225.9505235225 10 26 0 9 24 1 8 23 2
2226.1755022225 15 17 0 12 16 1 9 16 2
2226.3027025925 6 18 0 6 23 1 7 28 2
2227.20952895 3 22 0 5 19 1 8 16 2
2228.1686079225 5 26 0 8 22 1 10 17 2
2230.0656326225 7 18 0 4 19 1 2 20 2
2230.92288233 7 22 0 9 21 1 11 20 2
2232.294883685 6 22 0 7 23 1 9 24 2
2233.20880627 13 30 0 13 31 1 13 31 2
2234.27204233 9 22 0 8 22 1 8 22 2
2234.285727685 11 20 0 9 17 1 6 16 2
2237.1350779425 1 29 0 2 30 1 3 31 2
2237.15916659 15 21 0 12 22 1 9 24 2
2237.914028445 6 22 0 8 23 1 10 26 2
2238.14338522 11 26 0 10 22 1 10 19 2
2238.3137985425 15 17 0 11 17 1 6 19 2
2239.0245691025 11 28 0 9 22 1 7 17 2
2242.9005780475 15 25 0 14 20 1 12 19 2
2243.1426675725 13 31 0 10 30 1 7 30 2
2243.29704485 5 18 0 2 17 1 0 17 2
2244.95656507 5 31 0 6 30 1 7 27 2
2245.070369155 11 28 0 11 28 1 11 28 2
2245.0767416325 9 25 0 10 28 1 11 31 2
2245.0930834975 3 25 0 8 24 1 12 23 2
2245.36125253 8 17 0 8 20 1 9 24 2
2246.22683624 12 30 0 13 30 1 13 30 2
2246.247638605 5 28 0 4 24 1 3 19 2
2246.9839387025 6 30 0 9 28 1 13 26 2
2247.940431925 3 31 0 6 30 1 8 29 2
2250.13916843 8 26 0 6 26 1 5 24 2
2251.1610050425 13 19 0 10 24 1 6 30 2
2251.3122631575 10 20 0 10 19 1 10 18 2
2253.1191130175 8 21 0 8 19 1 9 17 2
2253.9920215825 6 25 0 10 26 1 14 28 2
2256.2334132525 11 27 0 9 27 1 7 27 2
2256.2956774475 7 19 0 2 17 1 11 16 2
2257.1737575725 8 18 0 5 18 1 1 19 2
2258.9156081825 9 19 0 12 19 1 15 20 2
2259.0027633625 7 26 0 8 21 1 8 17 2
2262.3687456925 12 27 0 10 28 1 9 29 2
2263.05894418 7 21 0 8 20 1 9 20 2
2263.89042439 14 31 0 11 31 1 8 31 2
2263.9580151525 8 30 0 6 29 1 5 31 2
2264.0479484775 15 31 0 15 29 1 14 27 2
2264.22192673 9 26 0 9 24 1 8 23 2
2265.1514612775 12 30 0 11 25 1 10 21 2
2265.32029706 12 26 0 9 25 1 6 24 2
2266.16112391 9 23 0 7 22 1 9 19 2
2266.191402295 12 24 0 10 23 1 6 23 2
2268.0759219575 3 28 0 5 27 1 6 27 2
2271.10078219 15 16 0 14 18 1 13 20 2
2273.2905518075 8 17 0 8 19 1 7 22 2
2273.2993202375 7 23 0 9 22 1 12 21 2
2275.14415739 11 31 0 12 29 1 13 27 2
2275.9345668925 8 23 0 7 23 1 6 17 2
2276.3161744125 11 21 0 13 21 1 14 22 2
2276.9562157325 3 23 0 11 22 1 7 22 2
2278.3113439025 3 19 0 4 21 1 4 26 2
2280.0463443375 8 21 0 10 20 1 11 19 2
2281.0033863325 12 24 0 13 23 1 15 22 2
2281.0578158325 9 24 0 8 25 1 8 26 2
2282.126040705 5 25 0 8 26 1 10 28 2
2282.168732525 3 30 0 5 27 1 7 24 2
2283.250202125 15 25 0 10 23 1 6 21 2
2283.9340011 4 25 0 4 24 1 3 24 2
2285.0431039775 6 28 0 5 23 1 4 19 2
2285.0601914475 13 30 0 10 23 1 10 18 2
2285.0688827675 8 24 0 7 24 1 7 23 2
2286.2475812675 1 20 0 2 20 1 2 20 2
2288.3782886775 14 29 0 10 25 1 5 20 2
2289.1454317325 2 31 0 7 28 1 11 26 2
2289.976546685 7 24 0 3 19 1 0 19 2
2289.9958524925 1 23 0 4 26 1 6 30 2
2290.30699801 11 24 0 8 21 1 3 28 2
2292.24945797 10 19 0 9 21 1 8 23 2
2293.8937059625 10 20 0 9 24 1 9 28 2
2298.325808655 11 28 0 7 28 1 4 29 2
2299.267213775 1 25 0 2 23 1 2 21 2
2300.1286292725 7 19 0 5 20 1 3 23 2
2300.95771444 14 24 0 12 22 1 10 22 2
2301.21652903 9 16 0 10 16 1 11 18 2
2301.3737812925 4 19 0 8 23 1 12 28 2
2306.1225348475 3 22 0 2 26 1 2 31 2
2308.927908275 7 27 0 10 31 1 13 26 2
2308.994623015 5 22 0 13 26 1 14 27 2
2313.19409908 2 19 0 3 25 1 3 31 2
2313.371133665 4 25 0 7 25 1 10 24 2
2314.2392106175 5 18 0 4 18 1 2 18 2
2316.0812348675 5 28 0 5 24 1 5 20 2
2318.9936053525 11 17 0 13 18 1 15 20 2
2319.926929095 5 19 0 4 22 1 3 26 2
2319.9765796675 11 26 0 13 26 1 0 17 2
2320.003636035 12 21 0 12 21 1 12 22 2
2321.03429904 6 31 0 9 29 1 12 26 2
2322.3472078275 6 16 0 7 17 1 8 19 2
2324.9516887875 15 24 0 11 20 1 5 17 2
2326.1613709225 1 29 0 4 7 1 8 27 2
2328.906995535 13 31 0 11 26 1 9 23 2
2329.1783439825 4 30 0 5 30 1 6 31 2
2334.04214577 13 27 0 12 26 1 4 12 2
2334.1088532925 15 30 0 14 27 1 13 24 2
2336.0420815325 10 20 0 11 20 1 12 21 2
2337.1545728225 9 17 0 10 21 1 11 24 2
2337.3382185225 3 26 0 3 26 1 4 27 2
2338.0053109675 11 19 0 9 23 1 7 29 2
2342.2300326475 8 18 0 8 19 1 7 21 2
2342.974554395 1 30 0 2 25 1 3 21 2
2343.0260877375 1 21 0 1 20 1 1 19 2
2343.3558735325 1 31 0 3 31 1 5 31 2
2344.888510905 10 27 0 6 28 1 3 29 2
2344.969836335 14 17 0 14 16 1 15 16 2
2345.35572153 12 24 0 13 23 1 14 23 2
2346.9731685975 15 26 0 12 29 1 10 31 2
2351.028829225 14 19 0 14 18 1 13 18 2
2352.95467671 3 17 0 8 18 1 14 19 2
2354.22600591 7 19 0 6 21 1 6 24 2
2355.9077105175 2 28 0 13 28 1 7 29 2
2357.3109226625 9 16 0 7 16 1 5 16 2
2360.062773935 6 21 0 10 25 1 15 29 2
2360.2850470275 5 19 0 6 20 1 7 21 2
2360.9555507625 15 29 0 10 30 1 6 31 2
2361.0487996325 7 23 0 8 23 1 9 23 2
2362.13405256 8 17 0 9 16 1 12 30 2
2363.94235657 13 24 0 11 25 1 8 26 2
2365.03502814 10 28 0 12 26 1 15 24 2
2367.0192979925 8 20 0 7 20 1 7 20 2
2367.2692507725 8 24 0 5 22 1 1 21 2
2369.1524025825 13 30 0 11 26 1 9 23 2
2374.3790461025 12 31 0 13 17 1 14 19 2
2375.3058866275 10 26 0 9 23 1 8 21 2
2376.060562725 14 24 0 13 24 1 11 26 2
2380.104824935 7 16 0 5 19 1 3 22 2
2380.29190165 8 23 0 9 17 1 11 23 2
2381.2902990075 3 17 0 2 17 1 0 18 2
2381.8948497875 1 26 0 1 20 1 1 16 2
2382.8938817275 10 31 0 10 31 1 9 30 2
2383.0183496475 3 24 0 5 25 1 6 27 2
2383.101367325 6 21 0 9 21 1 11 21 2
2384.10343725 11 18 0 8 20 1 5 24 2
2384.15751749 6 31 0 8 24 1 10 18 2
2385.908220675 9 22 0 10 21 1 11 20 2
2386.97921634 2 24 0 8 21 1 14 19 2
2387.2551486875 11 16 0 10 21 1 8 26 2
2387.330658615 8 18 0 4 19 1 0 20 2
2388.037084095 9 18 0 5 17 1 0 16 2
2390.3159536075 1 16 0 1 17 1 0 19 2
2390.9190059275 3 21 0 15 19 1 12 17 2
2392.3507793825 3 26 0 4 27 1 10 23 2
2392.9861758125 15 26 0 14 21 1 13 16 2
2393.07936869 11 31 0 14 29 1 14 28 2
2393.14668989 10 19 0 8 17 1 5 17 2
2393.251053235 8 24 0 4 21 1 0 19 2
2393.9207966725 7 24 0 7 22 1 7 20 2
2394.1710667225 11 17 0 7 19 1 3 22 2
2394.912221885 9 20 0 7 19 1 5 19 2
2394.967134275 8 29 0 11 23 1 14 18 2
2395.11005395 5 22 0 4 24 1 3 27 2
2395.1349860525 1 29 0 3 26 1 4 22 2
2395.18176346 1 18 0 1 20 1 1 16 2
2396.30941901 7 22 0 15 16 1 13 26 2
2397.202849125 3 31 0 4 26 1 6 21 2
2398.1981457175 5 21 0 6 20 1 7 20 2
2399.281325515 7 24 0 4 25 1 0 26 2
2402.00215461 15 23 0 13 20 1 11 18 2
2402.890045765 5 30 0 4 29 1 2 27 2
2404.932057175 12 19 0 7 24 1 5 21 2
2405.327085695 8 26 0 7 23 1 7 21 2
2406.01549133 14 23 0 14 23 1 14 24 2
2406.09618812 4 19 0 4 23 1 14 27 2
2409.017559215 11 30 0 11 28 1 12 27 2
2409.1181102225 7 28 0 9 27 1 12 27 2
2411.0048188775 14 23 0 10 20 1 6 18 2
2411.3185203875 8 20 0 5 23 1 2 26 2
2412.2924576675 9 22 0 8 22 1 8 24 2
2414.1459772725 5 31 0 7 31 1 9 31 2
2416.32087141 9 16 0 9 17 1 9 18 2
2418.02609031 9 16 0 13 17 1 15 21 2
2418.0700480525 9 26 0 7 25 1 5 24 2
2418.2785183125 6 31 0 4 30 1 1 30 2
2418.927371505 14 28 0 14 27 1 13 26 2
2422.1288443275 8 23 0 6 22 1 5 22 2
2422.355136995 12 31 0 8 30 1 4 28 2
2423.165298115 14 21 0 11 21 1 9 21 2
2423.36369541 3 16 0 3 16 1 3 16 2
2423.372375095 6 24 0 3 27 1 0 31 2
2424.0451366625 4 21 0 2 23 1 1 24 2
2425.1247709375 7 30 0 5 29 1 3 27 2
2425.3065411575 7 17 0 6 23 1 6 29 2
2426.053413545 8 20 0 11 20 1 14 21 2
2426.9610812075 4 22 0 6 26 1 7 30 2
2427.0417873625 10 19 0 9 18 1 9 18 2
2427.1959197875 6 25 0 6 22 1 7 19 2
2427.275273555 11 31 0 10 29 1 9 28 2
2428.005779795 6 26 0 9 28 1 12 30 2
2429.3337245775 5 24 0 9 20 1 12 19 2
2430.368301625 12 16 0 2 19 1 11 19 2
2433.2210675675 2 25 0 2 20 1 2 24 2
2434.2591720875 2 21 0 1 22 1 1 23 2
2435.03781783 7 16 0 8 20 1 9 24 2
2437.045979035 2 28 0 4 26 1 5 24 2
2437.2767213725 11 27 0 14 23 1 9 20 2
2440.1006751175 9 27 0 5 26 1 1 26 2
2443.1717246225 13 28 0 9 28 1 5 29 2
2445.1848349775 11 23 0 6 21 1 2 19 2
2445.377171095 5 25 0 3 26 1 0 27 2
2446.90421269 5 30 0 9 27 1 13 24 2
2446.975576375 14 16 0 13 17 1 11 18 2
2448.0645389225 6 26 0 10 27 1 13 29 2
2448.8940528625 9 22 0 10 22 1 10 22 2
2451.0472746625 1 17 0 2 20 1 4 23 2
2451.297484375 11 21 0 11 18 1 11 16 2
2451.9558662675 1 19 0 6 22 1 11 24 2
2453.0095124 2 27 0 5 25 1 8 24 2
2453.3671318075 4 27 0 4 25 1 3 24 2
2454.9886333775 11 24 0 12 25 1 13 27 2
2457.09405475 13 31 0 12 30 1 11 29 2
2459.95153616 8 27 0 4 6 1 1 23 2
2463.12155907 12 18 0 12 18 1 11 18 2
2464.0151116525 14 26 0 12 27 1 11 29 2
2464.1496655375 4 19 0 7 21 1 10 23 2
2466.021883455 11 27 0 12 29 1 12 30 2
2467.0059150825 2 23 0 7 21 1 11 21 2
2468.04104694 15 16 0 13 16 1 11 27 2
2469.048630055 6 22 0 3 23 1 0 24 2
2469.0929958675 11 25 0 7 24 1 3 24 2
2471.0167166825 10 23 0 10 24 1 9 26 2
2471.1553735525 3 24 0 5 26 1 6 28 2
2473.300317225 11 18 0 11 22 1 11 27 2
2473.3198441375 6 27 0 8 27 1 10 27 2
2473.975176225 11 18 0 11 25 1 11 23 2
2474.1091776175 15 20 0 14 19 1 13 19 2
2474.2993834825 3 31 0 3 29 1 2 26 2
2474.9327734975 12 25 0 11 27 1 10 30 2
2475.2736963325 12 21 0 14 25 1 15 29 2
2476.3436838875 12 24 0 9 22 1 6 20 2
2480.29343654 13 17 0 10 22 1 7 27 2
2481.08450619 15 25 0 14 27 1 13 29 2
2482.0436210275 5 17 0 5 19 1 3 17 2
2482.2859759825 11 28 0 12 29 1 13 31 2
2482.3131102925 6 27 0 10 24 1 13 21 2
2482.8848166975 10 24 0 11 20 1 12 16 2
2483.1908779525 7 25 0 8 16 1 9 19 2
2483.27873272 4 26 0 2 23 1 0 21 2
2485.0644431725 8 22 0 8 22 1 12 17 2
2486.0637175225 4 20 0 7 17 1 7 19 2
2486.1732358525 3 26 0 8 28 1 13 31 2
2486.30155136 2 25 0 4 20 1 7 17 2
2487.3127703375 3 28 0 4 29 1 6 31 2
2489.3645564575 13 19 0 9 24 1 6 29 2
2490.1812798275 14 17 0 13 20 1 13 24 2
2493.062941065 4 27 0 7 26 1 10 26 2
2493.1160606175 5 25 0 8 24 1 11 23 2
2493.1891568775 1 16 0 1 17 1 0 18 2
2494.244767395 4 20 0 4 20 1 4 20 2
2495.9230401575 11 17 0 10 17 1 10 18 2
2497.96331923 15 31 0 13 28 1 12 27 2
2498.0344999425 6 24 0 13 20 1 9 22 2
2498.31715254 6 28 0 4 29 1 2 24 2
2499.1097911525 11 23 0 10 23 1 10 23 2
2500.019708535 14 29 0 13 26 1 9 26 2
2500.09700637 12 29 0 14 25 1 15 22 2
2501.97470975 5 16 0 8 16 1 10 17 2
2502.2484833975 5 30 0 3 29 1 2 27 2
2503.983222115 6 23 0 6 26 1 6 28 2
2504.1898977775 11 29 0 11 26 1 12 24 2
2505.14278613 10 27 0 12 24 1 13 21 2
2505.24556197 7 31 0 6 27 1 4 24 2
2505.97753678 6 28 0 4 29 1 2 29 2
2506.17993851 7 23 0 5 26 1 4 30 2
2507.938332255 12 23 0 12 24 1 12 26 2
2507.9989945625 9 22 0 10 22 1 12 22 2
2509.160730005 11 25 0 9 26 1 7 27 2
2509.19761102 1 18 0 3 22 1 6 26 2
2511.06157638 1 17 0 0 20 1 1 24 2
2512.1101856275 4 16 0 6 16 1 7 17 2
2512.9482620625 13 29 0 14 26 1 14 24 2
2513.911842325 4 26 0 6 25 1 7 24 2
2514.3324467425 4 17 0 3 16 1 1 16 2
2514.9767089625 1 19 0 4 20 1 7 22 2
2515.9031713325 5 31 0 8 26 1 11 21 2
2516.06093486 14 31 0 13 30 1 11 29 2
2517.961791675 10 18 0 13 21 1 15 24 2
2520.985321435 9 18 0 6 30 1 3 28 2
2521.2568058175 13 25 0 8 22 1 3 19 2
2521.33527894 15 22 0 15 26 1 14 30 2
2524.34977789 6 21 0 8 19 1 9 18 2
2525.92688137 5 28 0 8 27 1 10 26 2
2526.1208879375 4 20 0 4 19 1 3 18 2
2528.3066891825 3 31 0 2 31 1 1 31 2
2534.95505439 4 29 0 7 29 1 9 29 2
2536.0631132275 7 18 0 11 16 1 12 16 2
2537.007100785 8 17 0 10 16 1 11 17 2
2537.34827602 2 29 0 4 30 1 5 31 2
2539.0518097325 10 30 0 13 25 1 15 20 2
2539.91110674 3 28 0 8 25 1 13 29 2
2540.2281408575 6 29 0 5 27 1 3 26 2
2542.0664910175 7 27 0 7 26 1 6 26 2
2543.9121858675 15 19 0 14 24 1 14 29 2
2544.317177675 15 30 0 13 30 1 10 31 2
2545.377034275 3 29 0 7 29 1 10 30 2
2547.257310075 3 19 0 1 21 1 0 23 2
2549.30256526 6 21 0 11 22 1 15 24 2
2550.200792545 9 19 0 12 21 1 14 22 2
2552.2585603275 15 25 0 11 23 1 7 21 2
2552.3154101825 4 30 0 4 27 1 4 24 2
2552.326402965 1 27 0 0 21 1 3 21 2
2554.2031610925 12 21 0 13 21 1 15 22 2
2555.019813785 5 17 0 5 17 1 5 18 2
2555.1549127675 6 19 0 6 19 1 6 18 2
2556.915168775 9 18 0 9 19 1 8 21 2
2558.094965895 11 23 0 8 22 1 6 21 2
2558.14013463 5 21 0 8 18 1 11 16 2
2559.0330376875 4 22 0 4 22 1 3 22 2
2559.2962287425 5 20 0 4 21 1 0 17 2
2560.0400670375 7 21 0 7 19 1 8 18 2
2563.2998125225 8 17 0 8 19 1 9 22 2
2563.9529380275 7 30 0 4 29 1 2 28 2
2564.2338589425 7 31 0 7 29 1 8 27 2
2567.3054642425 11 25 0 9 22 1 10 19 2
2568.1499090175 5 23 0 7 23 1 9 24 2
2568.27434571 3 24 0 4 25 1 6 27 2
2568.35965049 7 26 0 6 22 1 6 17 2
2568.3721072275 1 20 0 3 26 1 5 29 2
2571.20562274 15 26 0 14 26 1 9 27 2
2571.2510900625 11 21 0 6 19 1 2 17 2
2571.904117515 8 24 0 7 23 1 6 22 2
2574.0689168225 6 22 0 5 25 1 4 29 2
2576.1735215175 5 17 0 3 19 1 1 21 2
2579.090353535 2 29 0 3 24 1 4 21 2
2581.94742041 14 17 0 13 19 1 12 21 2
2582.02432243 1 23 0 2 22 1 1 22 2
2582.074961095 4 25 0 5 24 1 6 24 2
2582.1235047 7 22 0 14 18 1 15 16 2
2582.17604285 5 27 0 4 27 1 4 9 2
2582.1895127875 11 27 0 10 25 1 9 24 2
2582.30380302 12 23 0 11 25 1 10 26 2
2585.323889035 5 24 0 2 20 1 0 17 2
2588.9421271125 5 19 0 8 20 1 14 18 2
2590.9404498425 7 25 0 6 26 1 5 28 2
2591.95635949 1 21 0 2 24 1 4 27 2
2591.9660569975 4 23 0 6 22 1 8 30 2
2592.9556637225 7 27 0 5 22 1 2 18 2
2593.88400398 15 25 0 15 27 1 15 30 2
2594.0733481 15 24 0 14 23 1 13 24 2
2594.20481644 11 27 0 11 23 1 11 20 2
2595.31946293 8 26 0 10 25 1 12 26 2
2597.1154301175 13 20 0 10 21 1 8 21 2
2597.3493709275 15 21 0 14 26 1 15 30 2
2598.33061278 5 20 0 5 20 1 5 20 2
2602.0652465375 15 31 0 12 23 1 9 17 2
2602.35296241 10 26 0 9 26 1 8 26 2
2604.24185129 1 8 0 4 24 1 6 24 2
2605.9324995775 13 21 0 12 22 1 11 24 2
2605.9821979775 2 19 0 1 21 1 0 23 2
2608.9928698575 12 19 0 14 18 1 15 17 2
2609.1387456075 4 20 0 3 24 1 2 27 2
2609.280654805 14 18 0 12 17 1 6 16 2
2611.16265301 6 17 0 4 19 1 9 21 2
2613.2452907525 10 19 0 12 18 1 14 19 2
2615.0183395975 6 26 0 7 29 1 8 31 2
2615.9870775075 3 31 0 6 30 1 9 29 2
2621.34994249 11 24 0 13 20 1 14 16 2
2622.3014865675 11 26 0 11 25 1 10 24 2
2623.1751672925 4 31 0 5 30 1 5 29 2
2626.2632873625 12 27 0 11 29 1 9 30 2
2628.1526297875 6 18 0 6 21 1 6 24 2
2629.0363033025 15 29 0 10 24 1 7 18 2
2629.2246180375 12 29 0 7 24 1 3 20 2
2629.3652771075 1 25 0 6 23 1 10 22 2
2629.9801852025 13 31 0 13 30 1 12 30 2
2630.013140465 8 20 0 10 21 1 11 22 2
2630.960277215 11 22 0 10 19 1 10 18 2
2630.991065835 11 18 0 12 17 1 13 17 2
2631.27000819 15 16 0 13 20 1 14 27 2
