0.5593266075 4 18 0 7 18 1 11 19 2
1.3914899325 12 20 0 11 19 1 10 17 2
1.6053830025 7 31 0 14 31 1 8 31 2
1.8249001425 2 24 0 6 22 1 9 20 2
3.4590129325 4 19 0 3 17 1 2 17 2
3.6974303075 7 26 0 7 27 1 8 28 2
3.7834437475 14 22 0 8 22 1 3 23 2
4.931859815 8 26 0 8 22 1 8 18 2
5.0815267125 8 21 0 3 25 1 0 31 2
5.093905815 13 29 0 11 30 1 8 31 2
5.4161794625 4 24 0 2 26 1 0 28 2
5.75480439 15 23 0 15 24 1 14 26 2
6.49105732 12 20 0 6 21 1 1 21 2
7.2470965875 13 27 0 13 27 1 13 28 2
8.660736605 8 18 0 9 20 1 10 22 2
9.2091661025 10 28 0 8 27 1 5 26 2
9.535877015 10 17 0 6 17 1 0 17 2
9.68625038 6 18 0 4 23 1 3 28 2
9.8732552025 6 30 0 3 28 1 0 27 2
11.477674495 6 31 0 8 29 1 10 27 2
11.8702725075 5 29 0 7 28 1 9 27 2
13.0344752125 12 20 0 10 23 1 7 27 2
14.166577035 1 18 0 8 21 1 11 22 2
14.1767755875 1 17 0 3 17 1 5 17 2
14.85946276 12 23 0 8 22 1 5 22 2
15.0427656575 10 19 0 11 19 1 11 20 2
15.263608875 8 26 0 12 24 1 15 22 2
15.661878295 8 22 0 15 20 1 13 21 2
15.727159725 1 24 0 5 23 1 10 19 2
17.13668092 11 22 0 9 21 1 7 20 2
17.2879537175 14 21 0 11 20 1 7 21 2
17.77793535 9 28 0 12 25 1 15 22 2
18.078376115 5 31 0 2 26 1 0 26 2
18.1731979725 11 20 0 11 19 1 12 18 2
18.989959885 9 27 0 7 23 1 5 20 2
20.4532478025 3 30 0 7 25 1 8 23 2
20.7525444025 3 19 0 13 19 1 14 20 2
21.3689204125 1 27 0 2 25 1 3 24 2
21.51937001 11 26 0 12 25 1 13 23 2
22.0482316875 7 19 0 9 18 1 11 16 2
22.300662535 15 25 0 10 23 1 4 22 2
22.7089745175 14 26 0 14 26 1 15 27 2
23.0669100025 4 18 0 5 16 1 5 16 2
23.494885605 2 27 0 4 25 1 6 23 2
23.78461336 6 31 0 7 31 1 8 30 2
24.75823253 4 20 0 4 20 1 4 21 2
24.820873915 12 25 0 11 26 1 9 26 2
25.119507605 7 25 0 7 25 1 4 22 2
26.9061952625 11 21 0 11 21 1 7 22 2
27.2363126775 3 23 0 3 23 1 2 23 2
27.3715959125 4 22 0 4 17 1 2 16 2
27.94390423 12 23 0 12 25 1 12 27 2
29.088369025 5 22 0 9 25 1 14 28 2
29.2865681775 4 28 0 4 26 1 4 24 2
29.33413418 5 25 0 5 26 1 6 28 2
29.60388129 2 29 0 6 30 1 10 30 2
31.6779328675 7 30 0 8 31 1 8 31 2
32.60901138 5 21 0 11 18 1 11 16 2
33.2805567875 10 29 0 8 27 1 7 26 2
33.32700366 6 26 0 7 27 1 8 28 2
33.881948835 10 31 0 4 28 1 0 27 2
34.2192034125 14 24 0 15 27 1 15 31 2
34.3453926075 15 20 0 10 19 1 4 19 2
34.430307085 5 26 0 6 24 1 7 23 2
35.2237131075 13 28 0 14 29 1 15 29 2
35.53670991 11 30 0 14 30 1 14 29 2
35.6486943525 12 24 0 13 25 1 15 26 2
35.7169762375 3 16 0 2 19 1 1 22 2
35.765528685 8 20 0 8 25 1 7 31 2
35.90313466 8 31 0 12 26 1 15 23 2
37.3524577125 13 16 0 9 18 1 5 21 2
37.9843691025 2 22 0 5 20 1 7 20 2
38.8424324925 1 23 0 6 21 1 10 19 2
39.3696442975 13 19 0 10 18 1 8 18 2
39.577312015 6 17 0 11 22 1 15 28 2
39.7238895875 3 25 0 5 24 1 7 23 2
39.8688220775 13 19 0 14 18 1 15 17 2
41.150398815 6 22 0 8 30 1 9 31 2
41.1968088825 9 29 0 13 25 1 15 24 2
41.30161663 12 31 0 15 26 1 15 23 2
41.3224130325 8 21 0 10 21 1 12 21 2
41.5657466925 14 17 0 12 18 1 10 18 2
41.65739504 10 20 0 9 20 1 8 20 2
41.9788024725 12 24 0 1 31 1 0 18 2
42.0180502525 11 30 0 11 29 1 12 27 2
43.23332411 5 26 0 8 25 1 12 24 2
43.2527439175 7 26 0 5 27 1 3 29 2
43.272435785 3 20 0 6 20 1 10 21 2
43.6734998675 9 17 0 11 25 1 4 23 2
43.8901658475 4 31 0 3 25 1 3 22 2
46.49323968 1 19 0 7 18 1 15 17 2
47.3509624225 2 21 0 5 21 1 9 21 2
48.65525221 11 31 0 4 24 1 6 26 2
48.773157255 14 20 0 13 18 1 12 16 2
49.0049854225 3 23 0 9 25 1 14 26 2
49.45085387 2 24 0 3 23 1 4 23 2
49.9781497675 10 19 0 6 22 1 3 24 2
51.305708575 11 30 0 11 26 1 10 23 2
51.5700648925 13 30 0 11 30 1 9 31 2
51.9271472125 7 22 0 6 20 1 6 18 2
52.07951388 9 27 0 11 29 1 13 31 2
52.2224215025 2 20 0 1 21 1 1 23 2
54.3036454375 7 19 0 6 17 1 4 16 2
54.3954217125 9 24 0 7 26 1 6 29 2
54.8589487925 9 30 0 10 30 1 10 28 2
55.5186508225 11 23 0 11 20 1 11 19 2
55.599169055 6 24 0 9 22 1 12 21 2
55.60455978 12 19 0 10 20 1 8 21 2
56.7242676075 12 30 0 8 31 1 4 31 2
57.73654473 2 27 0 7 27 1 12 27 2
58.27851464 1 20 0 13 22 1 5 19 2
59.4800684225 5 19 0 8 17 1 10 16 2
59.84094924 13 18 0 13 19 1 13 21 2
60.0165840425 1 26 0 3 27 1 5 29 2
61.7738743275 6 19 0 5 22 1 4 26 2
62.1678297425 1 21 0 4 21 1 8 20 2
62.1681123175 7 30 0 10 29 1 12 29 2
63.3342690125 3 20 0 6 21 1 11 22 2
64.6059577825 1 24 0 6 24 1 11 24 2
64.9326287675 10 21 0 10 18 1 9 16 2
65.0523368225 8 22 0 7 26 1 5 27 2
65.33329313 15 23 0 15 27 1 15 31 2
65.378282625 10 20 0 5 26 1 1 31 2
66.19407379 6 29 0 4 26 1 2 24 2
66.48224063 13 19 0 12 19 1 11 19 2
67.885685655 1 27 0 2 26 1 4 24 2
67.9493019325 11 17 0 12 17 1 13 19 2
68.3316180525 14 22 0 13 22 1 11 23 2
68.5005468825 10 25 0 12 21 1 15 18 2
68.519575835 4 24 0 4 30 1 5 31 2
68.78161513 13 28 0 13 29 1 12 30 2
68.922667435 10 26 0 13 27 1 15 28 2
69.776642785 1 26 0 1 26 1 0 27 2
71.1741016425 2 25 0 5 23 1 9 22 2
71.4136147775 10 26 0 6 23 1 3 20 2
71.698899735 4 22 0 8 20 1 13 18 2
72.06699033 9 25 0 6 27 1 2 30 2
72.119246945 3 18 0 1 24 1 0 31 2
72.3349588125 6 16 0 11 17 1 15 19 2
72.529480355 10 24 0 8 27 1 7 30 2
72.5717212875 4 31 0 6 30 1 8 29 2
73.4517884625 14 18 0 7 21 1 1 23 2
74.5564775375 15 30 0 12 30 1 10 29 2
74.6185895 14 17 0 15 19 1 15 20 2
74.7028858125 5 27 0 9 26 1 13 20 2
75.2868290625 14 19 0 12 21 1 10 23 2
76.25790474 5 31 0 7 25 1 9 20 2
76.5959082525 6 28 0 9 29 1 13 31 2
77.1522966075 2 29 0 3 27 1 3 26 2
77.61030883 11 27 0 9 27 1 11 26 2
77.707400125 5 30 0 3 29 1 2 28 2
77.7109869275 14 27 0 14 27 1 13 27 2
77.905560445 10 26 0 7 25 1 3 28 2
79.186549265 11 20 0 9 23 1 7 26 2
79.2836719775 11 31 0 7 29 1 4 26 2
79.539561715 1 28 0 5 28 1 9 28 2
79.5774017825 13 17 0 12 17 1 10 17 2
79.7638368625 13 21 0 12 22 1 11 24 2
82.9748434175 15 19 0 13 19 1 12 20 2
83.17614308 10 28 0 13 28 1 4 27 2
83.547768615 4 18 0 3 18 1 3 20 2
83.551360435 5 17 0 7 20 1 10 24 2
84.41367587 15 20 0 12 21 1 8 22 2
84.8401454525 8 18 0 9 20 1 11 22 2
85.11576958 1 21 0 2 26 1 3 31 2
85.50532316 10 20 0 11 23 1 13 26 2
86.0842846125 10 21 0 8 23 1 6 26 2
86.2286048775 5 20 0 5 21 1 6 21 2
89.105098995 13 18 0 11 16 1 8 16 2
89.3448875325 10 28 0 10 25 1 10 22 2
89.4372914625 7 20 0 9 18 1 11 17 2
89.812414445 5 18 0 8 19 1 11 20 2
89.915583605 12 26 0 11 24 1 9 22 2
89.9423737725 10 19 0 8 20 1 7 21 2
89.9872343325 1 27 0 3 4 1 7 24 2
90.281628815 7 29 0 8 24 1 8 21 2
90.5683271875 2 20 0 3 7 1 6 18 2
90.7396603725 10 16 0 11 17 1 12 23 2
92.47012203 2 19 0 3 20 1 4 21 2
92.8285607025 14 25 0 13 26 1 13 27 2
92.885608 4 25 0 3 24 1 2 23 2
93.54321945 5 31 0 6 30 1 7 28 2
93.6545631625 4 30 0 5 28 1 5 28 2
93.6816939225 5 27 0 12 29 1 3 23 2
94.1924389575 14 22 0 13 22 1 11 22 2
94.53935124 12 31 0 12 28 1 12 26 2
94.86778146 5 16 0 9 17 1 14 18 2
95.309358745 1 26 0 4 16 1 6 22 2
95.6562118 8 21 0 5 19 1 1 18 2
96.666636135 3 20 0 10 18 1 15 17 2
97.53103614 1 16 0 5 19 1 11 23 2
97.9659935175 6 26 0 7 27 1 7 30 2
100.82781298 9 24 0 11 26 1 12 28 2
100.9661029 15 16 0 14 22 1 13 29 2
101.187099845 2 23 0 4 20 1 5 17 2
101.7678157475 10 23 0 6 21 1 3 22 2
102.5602999325 11 18 0 13 17 1 12 17 2
103.490907135 10 27 0 9 23 1 9 20 2
104.0325478975 1 17 0 4 19 1 7 22 2
104.74406086 13 21 0 11 24 1 9 27 2
105.016274885 2 30 0 4 25 1 7 21 2
105.6135494675 11 23 0 13 25 1 14 27 2
105.7918426775 6 31 0 7 30 1 8 29 2
107.193597605 11 31 0 10 30 1 9 28 2
109.15907065 6 28 0 7 25 1 8 22 2
109.2880725875 6 29 0 3 28 1 2 30 2
109.9204904425 2 16 0 6 17 1 10 19 2
111.237520725 7 30 0 6 30 1 3 31 2
111.3829069525 8 25 0 7 24 1 6 24 2
111.5751918725 9 28 0 9 25 1 9 24 2
112.0122178425 14 21 0 11 18 1 8 16 2
112.043187165 7 31 0 4 30 1 2 29 2
112.22285088 11 24 0 13 21 1 14 20 2
112.4117282325 12 20 0 13 18 1 14 16 2
112.5174946225 14 23 0 11 25 1 8 28 2
112.87380024 12 26 0 8 26 1 4 27 2
113.6817544725 4 21 0 8 18 1 11 16 2
113.715888645 11 31 0 11 24 1 11 17 2
114.463517185 3 31 0 5 28 1 7 26 2
114.9445529 11 26 0 7 25 1 4 24 2
114.957502575 2 23 0 3 25 1 4 27 2
115.462279325 9 17 0 11 18 1 13 19 2
116.1249527075 3 30 0 3 29 1 3 28 2
116.269196585 9 16 0 12 16 1 15 18 2
116.7085362525 12 31 0 11 31 1 11 30 2
116.969919455 10 20 0 12 24 1 14 28 2
117.232021155 6 29 0 4 29 1 3 28 2
118.0514980325 5 17 0 5 17 1 5 17 2
120.234741375 2 27 0 1 26 1 0 26 2
120.4949058275 7 27 0 8 29 1 7 31 2
120.683751285 1 25 0 2 22 1 3 21 2
121.1569806275 7 24 0 8 23 1 9 23 2
121.65479041 15 18 0 15 21 1 15 24 2
122.238961825 3 26 0 8 21 1 13 16 2
122.849345135 5 20 0 11 20 1 14 20 2
122.8865003275 6 21 0 7 25 1 8 29 2
123.3172934975 10 24 0 12 27 1 13 30 2
124.4072350375 1 27 0 2 22 1 3 19 2
125.411685415 3 17 0 4 21 1 5 26 2
125.62503967 10 24 0 10 22 1 10 21 2
126.4820241125 10 31 0 8 27 1 6 22 2
128.0286112525 10 16 0 12 18 1 14 21 2
128.4589273925 11 31 0 13 29 1 14 27 2
128.779292745 4 25 0 3 24 1 2 23 2
129.186321535 10 26 0 11 26 1 9 23 2
129.70874843 3 19 0 4 20 1 5 22 2
129.9173221625 11 25 0 10 23 1 9 21 2
129.950227655 14 19 0 15 21 1 15 24 2
130.4810909075 5 26 0 8 26 1 13 26 2
130.49034642 8 16 0 9 19 1 11 23 2
132.43418495 15 25 0 14 20 1 14 16 2
133.21135101 12 28 0 11 29 1 10 31 2
134.038015575 11 22 0 8 22 1 4 22 2
134.956090055 10 17 0 12 17 1 13 18 2
135.60978457 15 28 0 11 28 1 7 28 2
136.795655075 3 27 0 7 25 1 10 23 2
136.9296984675 2 19 0 3 19 1 6 21 2
136.9817822875 6 31 0 8 26 1 10 21 2
138.6395566875 9 29 0 6 27 1 2 26 2
139.8222101325 3 29 0 4 30 1 8 18 2
140.4970553775 5 20 0 4 21 1 2 23 2
140.5150054925 9 18 0 6 17 1 4 16 2
140.529774655 10 28 0 10 30 1 9 28 2
140.89375608 10 22 0 9 26 1 7 22 2
140.9028756425 3 18 0 5 23 1 7 28 2
141.257668255 6 19 0 4 17 1 2 16 2
142.0424550875 13 31 0 13 31 1 13 30 2
143.3977039325 15 17 0 8 22 1 1 27 2
145.32314434 7 31 0 9 31 1 12 31 2
145.44229354 13 19 0 13 24 1 12 29 2
145.79129091 3 17 0 2 17 1 1 18 2
145.89005603 13 22 0 14 26 1 15 31 2
146.3914712625 11 22 0 13 22 1 15 23 2
146.5092774475 11 18 0 7 18 1 2 18 2
146.7073569725 9 18 0 11 20 1 13 23 2
150.1145602675 8 24 0 5 25 1 1 27 2
150.5490302425 13 24 0 14 24 1 15 24 2
151.38683501 3 25 0 2 23 1 2 27 2
151.508057095 3 17 0 6 20 1 11 23 2
152.17374277 14 18 0 11 22 1 10 28 2
152.36830401 7 25 0 11 23 1 14 22 2
153.785784465 11 20 0 12 19 1 13 18 2
155.100880435 13 23 0 7 25 1 0 27 2
155.5438094825 10 21 0 9 20 1 7 20 2
155.6466443075 5 19 0 6 22 1 8 24 2
155.8602007925 9 30 0 5 31 1 2 24 2
157.1741066025 14 28 0 10 25 1 6 20 2
157.4568790075 8 30 0 5 25 1 2 20 2
157.5147666175 6 25 0 4 25 1 3 26 2
158.030676075 11 31 0 10 31 1 9 30 2
158.125981455 3 23 0 5 23 1 8 23 2
158.3709383475 5 27 0 5 25 1 6 24 2
158.4610353925 15 24 0 14 24 1 13 24 2
159.318959035 1 19 0 4 21 1 7 24 2
160.4442395425 11 20 0 13 21 1 15 23 2
160.6330487175 12 26 0 13 22 1 13 20 2
160.9233193075 8 28 0 5 22 1 3 16 2
161.00921197 2 18 0 2 20 1 1 22 2
161.844664315 13 25 0 11 24 1 9 24 2
161.920970805 6 25 0 9 23 1 11 22 2
162.1928904675 8 28 0 1 21 1 8 27 2
162.4337341475 7 29 0 10 29 1 13 30 2
162.510800845 12 18 0 9 17 1 6 16 2
162.6303884425 10 30 0 11 28 1 11 27 2
163.0845233525 7 20 0 11 24 1 14 28 2
163.26202385 7 22 0 8 19 1 9 16 2
163.3077020025 11 20 0 8 19 1 5 18 2
163.3786358775 15 26 0 13 23 1 12 31 2
164.026374965 11 25 0 12 26 1 13 27 2
164.2837851525 11 17 0 9 16 1 8 16 2
166.7040627625 6 16 0 3 21 1 1 26 2
166.76444015 1 19 0 0 19 1 0 20 2
167.391042445 9 19 0 8 18 1 7 18 2
167.826563875 9 19 0 8 20 1 6 21 2
168.082429875 10 24 0 9 27 1 8 31 2
168.381397775 11 17 0 10 18 1 13 24 2
168.41744122 11 24 0 8 26 1 4 29 2
168.4880804475 3 22 0 5 22 1 8 23 2
169.2258455625 8 22 0 9 22 1 10 24 2
170.0397480325 2 20 0 5 18 1 8 17 2
170.2413337575 12 19 0 8 21 1 5 23 2
170.3914007725 7 16 0 7 18 1 7 22 2
170.4185175625 8 26 0 12 23 1 15 21 2
170.5264550575 8 24 0 7 20 1 7 18 2
171.91916249 15 20 0 13 23 1 12 23 2
172.0261062675 3 19 0 2 20 1 0 22 2
172.8172087225 4 25 0 7 28 1 9 31 2
172.9782752675 13 24 0 7 22 1 1 19 2
173.7613765775 14 26 0 10 27 1 5 29 2
174.174541605 13 17 0 10 18 1 6 21 2
174.5263364525 8 28 0 7 25 1 7 23 2
174.58651459 13 29 0 11 28 1 9 27 2
174.6912518575 1 21 0 2 19 1 3 18 2
176.172117075 11 26 0 11 27 1 11 29 2
176.7041893925 11 28 0 5 30 1 0 30 2
176.7319049 15 17 0 14 17 1 13 19 2
176.9520851225 15 20 0 15 18 1 15 16 2
177.28983496 11 19 0 9 24 1 9 29 2
177.738740085 12 16 0 11 16 1 9 18 2
178.5281155825 7 29 0 5 30 1 3 31 2
180.145524845 12 22 0 11 22 1 9 23 2
180.9925989125 5 21 0 6 17 1 8 16 2
181.0743077325 7 27 0 7 24 1 0 21 2
181.18145249 10 31 0 8 30 1 5 28 2
181.4575834325 4 17 0 5 16 1 5 16 2
181.7288014425 10 16 0 11 16 1 13 16 2
181.9562380175 3 16 0 3 17 1 4 18 2
183.4002637425 10 27 0 8 25 1 7 24 2
184.07390406 13 31 0 8 30 1 4 29 2
184.3425684675 15 18 0 12 23 1 9 28 2
184.5035432225 8 17 0 7 21 1 7 26 2
184.7760816775 13 29 0 13 28 1 13 28 2
185.170675065 6 28 0 7 28 1 7 27 2
186.25254752 5 24 0 4 24 1 3 27 2
186.4887666 2 22 0 1 25 1 0 28 2
186.662664345 4 29 0 5 26 1 7 27 2
186.7703714225 8 28 0 10 28 1 12 27 2
186.8273385875 4 30 0 5 27 1 5 24 2
187.458396625 2 25 0 2 21 1 4 29 2
188.3068967325 13 27 0 13 25 1 14 24 2
189.0527721125 3 20 0 2 26 1 2 28 2
189.24736908 3 23 0 2 20 1 1 18 2
189.553257415 14 29 0 11 24 1 8 20 2
190.178522005 12 18 0 12 20 1 12 22 2
190.32724096 10 21 0 13 21 1 15 21 2
191.1381869575 7 28 0 9 27 1 10 28 2
191.2447471325 11 20 0 12 17 1 13 16 2
191.358731245 6 23 0 4 23 1 2 24 2
191.39072974 6 24 0 11 21 1 13 20 2
191.5561729625 13 27 0 4 29 1 9 31 2
192.81787696 10 23 0 12 23 1 15 24 2
193.5544530925 3 26 0 3 20 1 3 16 2
194.177509925 2 19 0 5 25 1 8 31 2
195.17004007 1 17 0 1 19 1 3 18 2
196.57913293 15 31 0 15 29 1 15 28 2
197.7739524275 3 17 0 3 17 1 3 18 2
198.91308248 14 18 0 11 23 1 8 27 2
199.008007275 5 30 0 8 30 1 10 31 2
199.5172695775 5 18 0 5 18 1 6 20 2
200.3702928575 11 20 0 10 22 1 9 19 2
200.569490215 3 23 0 6 23 1 9 24 2
200.958274635 12 17 0 13 18 1 13 19 2
202.225383055 6 21 0 11 23 1 15 26 2
202.42118645 10 21 0 10 21 1 10 21 2
202.7452378 13 17 0 9 18 1 4 19 2
203.2042609325 12 22 0 12 21 1 13 20 2
203.6737509125 10 16 0 10 22 1 10 24 2
203.70932839 8 29 0 7 25 1 8 21 2
204.2083024225 1 31 0 4 14 1 8 31 2
204.2349164025 1 29 0 2 23 1 3 17 2
204.360546205 6 31 0 6 25 1 3 28 2
205.5742532175 12 24 0 14 26 1 15 27 2
205.768834155 11 19 0 12 25 1 13 31 2
206.3454619125 10 27 0 10 25 1 11 24 2
206.9787987075 15 21 0 13 23 1 12 24 2
207.57687773 4 28 0 10 28 1 15 28 2
207.7225250525 10 29 0 7 30 1 4 31 2
208.540627035 15 28 0 14 24 1 13 19 2
209.6630985875 10 25 0 9 28 1 8 31 2
209.6768006275 8 18 0 10 18 1 11 19 2
210.114538935 8 22 0 11 23 1 13 24 2
210.2300100775 10 17 0 13 17 1 15 16 2
210.98283425 1 23 0 2 23 1 2 23 2
211.02017123 5 31 0 6 26 1 7 21 2
211.0705405 2 31 0 3 26 1 5 24 2
211.08298817 8 31 0 5 22 1 0 28 2
211.3186165025 5 18 0 7 18 1 10 18 2
212.8443948625 15 16 0 2 17 1 6 19 2
213.61216266 5 21 0 3 22 1 0 23 2
214.033499675 6 29 0 8 26 1 10 23 2
214.5038068175 9 31 0 8 26 1 7 20 2
215.448141455 11 30 0 9 31 1 7 31 2
215.7332237525 6 25 0 8 21 1 9 17 2
216.0490861 15 28 0 8 25 1 2 21 2
216.327857465 14 22 0 13 24 1 12 23 2
216.578287835 14 22 0 14 29 1 14 21 2
217.9113357475 8 25 0 7 27 1 6 29 2
217.951347355 1 24 0 3 20 1 4 17 2
218.67657047 14 20 0 13 22 1 13 23 2
218.9610521075 10 29 0 13 27 1 15 26 2
219.348733365 8 22 0 10 25 1 11 29 2
220.9853651275 3 25 0 2 24 1 1 24 2
221.2785575425 12 31 0 9 27 1 6 23 2
221.38963283 9 19 0 5 18 1 2 16 2
222.1433507725 10 22 0 9 24 1 9 27 2
224.06569657 8 16 0 4 23 1 0 28 2
224.766537815 13 29 0 7 28 1 2 27 2
224.90739324 14 19 0 3 22 1 7 21 2
225.3379222075 10 25 0 12 26 1 14 31 2
225.480687435 11 29 0 8 25 1 4 21 2
225.7107176575 4 25 0 3 16 1 1 24 2
226.3335510075 5 26 0 9 24 1 12 22 2
226.349913795 13 22 0 12 23 1 12 24 2
227.3183241625 2 28 0 6 25 1 7 23 2
227.33302024 15 25 0 15 23 1 15 22 2
227.47976919 3 27 0 4 28 1 6 30 2
228.708946535 6 18 0 6 20 1 6 22 2
228.9143903575 4 21 0 6 19 1 7 18 2
230.9856031825 6 25 0 8 20 1 9 17 2
231.7212844525 2 22 0 8 21 1 12 20 2
233.18304044 9 24 0 8 23 1 9 23 2
234.0462626125 2 18 0 2 21 1 0 24 2
234.206079805 4 25 0 7 21 1 9 24 2
234.8615735325 3 21 0 3 23 1 2 26 2
236.1630630775 14 24 0 10 28 1 7 31 2
236.7024062425 1 24 0 3 25 1 6 26 2
237.3687685425 5 27 0 6 26 1 7 26 2
237.6559203175 4 31 0 5 31 1 6 31 2
238.2157654325 6 22 0 5 21 1 5 22 2
238.539472805 13 23 0 13 21 1 13 20 2
238.8186063175 2 19 0 2 17 1 2 16 2
238.923040855 14 19 0 14 21 1 14 23 2
238.970864475 11 24 0 12 23 1 12 22 2
239.1844529475 8 22 0 7 20 1 5 18 2
239.215869615 6 27 0 8 23 1 10 19 2
239.2302675775 3 16 0 3 25 1 1 27 2
239.5525787325 9 22 0 11 23 1 12 26 2
240.3235378825 9 28 0 11 25 1 12 23 2
240.3335092 6 18 0 6 17 1 6 21 2
240.54859255 3 26 0 7 22 1 12 19 2
240.8716489675 11 18 0 15 20 1 11 24 2
241.0794686725 11 22 0 5 22 1 15 24 2
241.196058625 7 30 0 6 31 1 4 31 2
241.2087317825 8 25 0 9 26 1 9 26 2
241.3492059425 6 19 0 1 31 1 5 24 2
241.3609729625 4 20 0 7 24 1 10 28 2
241.4277180525 14 20 0 12 22 1 10 26 2
242.008184335 9 27 0 7 26 1 4 26 2
242.9549084 3 24 0 6 27 1 9 29 2
243.07351885 8 18 0 5 18 1 2 19 2
243.161704195 7 16 0 4 19 1 2 24 2
243.5325526125 2 17 0 3 22 1 5 27 2
243.9554713775 1 28 0 3 29 1 5 30 2
244.2822861275 7 26 0 4 22 1 1 18 2
244.5479567575 9 23 0 5 27 1 13 31 2
244.7216260725 3 17 0 3 18 1 2 20 2
244.9400215025 3 17 0 1 20 1 2 19 2
245.01677101 4 20 0 5 16 1 7 17 2
245.52036261 15 17 0 14 18 1 12 20 2
245.680597655 9 22 0 10 19 1 11 18 2
245.769059635 13 22 0 13 21 1 12 21 2
245.856041305 2 22 0 2 29 1 4 16 2
246.0534569075 12 18 0 10 20 1 9 23 2
246.447801405 9 28 0 10 28 1 12 29 2
248.028751595 13 18 0 10 19 1 7 21 2
248.9356250175 12 20 0 12 21 1 11 22 2
248.96888464 1 26 0 1 27 1 1 29 2
249.180971455 11 28 0 12 24 1 14 20 2
249.36812108 8 25 0 8 27 1 7 28 2
249.56344749 1 16 0 2 16 1 3 18 2
250.8469978 10 23 0 9 26 1 8 29 2
251.7902643775 5 31 0 8 26 1 12 21 2
252.104273295 4 25 0 2 21 1 1 16 2
252.7436359375 5 28 0 5 27 1 5 27 2
253.100174565 6 21 0 4 22 1 2 23 2
253.4333859975 6 26 0 4 26 1 3 27 2
254.0446139175 3 28 0 5 28 1 6 28 2
254.916865085 15 21 0 11 22 1 7 24 2
255.0445883725 8 25 0 8 20 1 8 16 2
255.250416815 6 27 0 8 24 1 10 22 2
257.53664198 5 25 0 2 21 1 0 18 2
258.10054413 14 30 0 14 28 1 13 24 2
258.1562371375 7 22 0 4 20 1 2 17 2
258.6048332525 12 31 0 13 31 1 15 30 2
259.1102556775 3 18 0 6 18 1 9 20 2
259.144252835 3 25 0 2 25 1 1 26 2
259.24428795 1 27 0 1 28 1 2 28 2
260.7369810975 14 31 0 10 30 1 6 30 2
260.94137086 11 28 0 7 25 1 2 28 2
261.92427538 5 27 0 5 28 1 5 29 2
262.468588485 13 27 0 10 25 1 7 23 2
262.7086223225 8 21 0 8 24 1 7 27 2
262.8329833325 12 19 0 9 24 1 6 30 2
263.586702855 1 30 0 6 26 1 12 24 2
263.643079465 4 20 0 4 21 1 5 23 2
265.470672165 4 26 0 6 27 1 9 28 2
265.82728255 14 21 0 12 21 1 9 21 2
265.9944552625 7 31 0 11 27 1 14 26 2
267.152826415 6 26 0 7 27 1 8 28 2
267.9179573475 10 24 0 11 23 1 12 23 2
268.69317164 11 19 0 5 20 1 0 22 2
270.843812025 5 31 0 6 30 1 8 30 2
271.07778606 13 21 0 14 19 1 11 19 2
271.55551882 4 26 0 6 25 1 8 21 2
272.7710779225 10 21 0 10 24 1 11 27 2
273.380029435 9 29 0 8 26 1 8 24 2
273.661313615 9 22 0 8 21 1 7 22 2
275.1433869875 6 26 0 7 24 1 9 22 2
275.414322165 15 28 0 12 28 1 9 28 2
275.88543815 3 29 0 4 24 1 6 20 2
277.1939308725 11 25 0 12 26 1 12 27 2
277.2584611025 7 27 0 4 29 1 2 31 2
277.5585692675 4 19 0 4 20 1 4 22 2
278.8060001975 8 21 0 11 22 1 12 24 2
278.87741484 4 17 0 4 18 1 4 20 2
278.892154605 3 17 0 3 19 1 2 21 2
279.3741362925 14 25 0 12 28 1 11 30 2
279.96498175 8 22 0 9 20 1 8 20 2
280.1887595975 12 22 0 8 21 1 4 21 2
280.54907119 4 24 0 4 28 1 4 31 2
280.5623108225 5 29 0 12 21 1 15 18 2
280.7764143925 15 24 0 13 21 1 11 18 2
281.092215715 1 16 0 1 16 1 4 18 2
281.484273695 8 26 0 7 20 1 7 16 2
281.74031794 8 28 0 8 30 1 9 30 2
281.79040599 3 25 0 2 25 1 1 26 2
281.8760537375 1 23 0 8 22 1 1 22 2
282.27306577 4 28 0 8 28 1 10 27 2
282.721887915 9 29 0 8 28 1 7 27 2
282.868420175 8 21 0 5 22 1 1 23 2
283.1396825525 13 31 0 12 29 1 11 26 2
283.28432677 6 26 0 6 26 1 6 27 2
284.196203075 7 22 0 5 25 1 6 24 2
284.3539483225 7 23 0 5 24 1 4 26 2
284.83086444 12 29 0 11 30 1 10 31 2
285.020858165 14 25 0 10 16 1 4 26 2
285.2002557525 7 26 0 9 28 1 11 31 2
285.503055525 11 27 0 13 25 1 13 24 2
286.4595209125 14 16 0 14 19 1 14 22 2
287.4008027225 8 22 0 8 21 1 9 20 2
288.028398015 5 28 0 7 27 1 9 26 2
288.1596284875 7 22 0 8 25 1 10 29 2
288.280138185 10 17 0 11 18 1 11 19 2
288.5026593725 10 26 0 7 23 1 1 21 2
288.77251759 9 16 0 9 16 1 10 16 2
290.0145581 9 21 0 5 16 1 2 19 2
290.8772578325 14 19 0 11 18 1 9 18 2
291.59002256 6 31 0 9 29 1 12 28 2
292.2977726 12 23 0 13 23 1 13 24 2
292.3400339525 10 21 0 13 20 1 15 19 2
293.5831185825 14 16 0 11 18 1 12 20 2
293.8759733375 7 26 0 9 25 1 12 24 2
294.264029715 6 24 0 9 24 1 12 24 2
294.696109405 11 17 0 8 16 1 6 17 2
295.765798335 8 16 0 7 21 1 7 26 2
296.1238275025 11 25 0 9 27 1 7 29 2
296.2750381975 12 22 0 12 21 1 12 21 2
296.5483707325 5 23 0 6 21 1 7 19 2
297.47534799 8 17 0 7 21 1 6 28 2
297.6545650525 2 23 0 0 21 1 0 21 2
297.8755819425 5 27 0 5 23 1 7 19 2
298.8377891225 12 16 0 15 19 1 15 24 2
299.304218085 11 25 0 11 23 1 10 20 2
299.318646845 3 22 0 6 24 1 9 26 2
300.3608316575 8 26 0 7 28 1 7 29 2
300.4211153975 4 25 0 7 25 1 10 26 2
300.59497593 6 29 0 6 22 1 6 16 2
301.6907145375 15 29 0 14 29 1 12 28 2
301.785948385 4 22 0 6 25 1 0 17 2
302.63345291 8 27 0 9 27 1 9 27 2
302.7071173725 7 25 0 8 24 1 3 23 2
303.017923595 3 22 0 5 25 1 8 28 2
304.05116116 2 30 0 4 30 1 6 30 2
304.3598912075 1 31 0 2 31 1 5 15 2
304.7685956225 12 25 0 13 24 1 13 24 2
304.8246115075 14 20 0 11 21 1 8 23 2
307.2599514425 13 27 0 13 25 1 14 23 2
308.0591316375 13 23 0 12 22 1 13 22 2
308.0757445425 2 30 0 3 28 1 4 26 2
312.2581696125 11 27 0 13 28 1 15 27 2
313.7377898075 4 26 0 3 22 1 2 19 2
313.91430919 1 31 0 1 3 1 1 27 2
314.2316401375 1 20 0 5 21 1 8 23 2
314.8423444175 11 18 0 8 18 1 6 18 2
315.024721125 10 19 0 6 19 1 2 20 2
315.1318326825 13 23 0 11 24 1 10 26 2
315.1624837075 11 22 0 11 22 1 12 21 2
316.1470499 1 29 0 4 26 1 8 22 2
316.2709325275 5 30 0 6 28 1 6 31 2
316.74404379 14 24 0 13 24 1 12 16 2
317.09631395 2 22 0 4 21 1 7 21 2
317.8750422575 9 30 0 2 27 1 0 24 2
318.07947775 12 24 0 10 21 1 8 19 2
318.435869265 10 23 0 6 19 1 2 16 2
318.6069678725 1 30 0 2 30 1 3 31 2
318.80081756 14 17 0 13 23 1 12 29 2
318.923322495 11 18 0 10 19 1 9 20 2
320.501071345 13 28 0 8 29 1 3 30 2
320.7933490925 3 16 0 2 31 1 1 30 2
321.1270132275 14 26 0 15 27 1 14 28 2
321.60404144 8 21 0 7 23 1 6 27 2
321.7337751275 4 28 0 5 29 1 5 30 2
321.751280365 1 31 0 9 25 1 7 23 2
321.963087675 8 25 0 7 26 1 7 28 2
322.037382725 15 21 0 15 26 1 15 28 2
322.567921685 1 31 0 2 31 1 3 31 2
322.8611317475 8 30 0 6 27 1 4 26 2
323.00353552 10 31 0 7 29 1 15 29 2
324.07754169 14 30 0 15 31 1 13 31 2
324.7108678025 5 23 0 8 22 1 6 21 2
325.77606495 14 27 0 14 25 1 14 24 2
326.8530933875 2 30 0 5 29 1 9 9 2
326.862796235 7 29 0 12 30 1 15 30 2
327.36285992 12 26 0 14 24 1 15 22 2
327.679830615 11 27 0 9 21 1 4 28 2
327.958457075 8 27 0 5 24 1 4 21 2
328.1941838725 10 20 0 9 20 1 9 21 2
328.439893535 6 31 0 7 27 1 9 23 2
329.58421325 9 28 0 8 29 1 8 31 2
330.3295561225 3 27 0 3 29 1 3 29 2
330.8257063825 13 21 0 14 23 1 15 26 2
331.26049963 10 25 0 10 24 1 10 23 2
331.5676721575 13 28 0 12 29 1 11 31 2
331.7396331025 13 26 0 11 26 1 8 27 2
332.3133325525 10 28 0 11 29 1 12 31 2
332.9427379425 4 16 0 7 17 1 9 18 2
333.1610722625 8 31 0 5 30 1 7 28 2
333.4877562225 15 20 0 12 21 1 9 22 2
333.8255577475 13 21 0 12 20 1 11 20 2
334.2034948625 7 30 0 4 31 1 2 31 2
334.514728155 1 26 0 5 27 1 2 29 2
335.1854989925 9 31 0 13 31 1 15 31 2
335.4811093975 6 31 0 7 30 1 7 29 2
335.64150964 5 22 0 9 21 1 13 21 2
336.5388945675 13 29 0 14 29 1 15 28 2
336.841980315 13 31 0 11 30 1 9 28 2
336.890426585 2 18 0 4 18 1 7 18 2
336.96279284 3 16 0 5 21 1 6 27 2
337.6700643775 10 19 0 7 19 1 5 20 2
338.8371385025 10 20 0 12 24 1 15 29 2
338.893040875 10 19 0 13 22 1 15 21 2
340.7156782575 11 28 0 9 27 1 8 27 2
341.500506105 9 19 0 5 23 1 3 18 2
341.63520792 15 16 0 15 16 1 15 17 2
342.67952225 10 27 0 11 28 1 13 30 2
343.5708235875 6 23 0 4 23 1 2 23 2
343.5862251525 12 26 0 12 26 1 12 26 2
344.63986395 6 17 0 4 19 1 2 21 2
344.6628103875 9 31 0 9 23 1 10 16 2
345.53014397 14 29 0 15 27 1 15 28 2
345.7064594025 8 29 0 8 27 1 9 26 2
345.845834 1 24 0 3 23 1 5 23 2
347.450332195 3 20 0 2 19 1 0 19 2
347.523902175 12 26 0 7 27 1 2 28 2
347.6378145825 8 19 0 5 18 1 2 19 2
347.6436209025 8 20 0 7 23 1 7 27 2
347.895980375 12 29 0 10 29 1 7 29 2
347.97163115 12 27 0 11 22 1 8 18 2
348.7215036625 7 25 0 7 20 1 2 17 2
349.9946788025 4 23 0 2 21 1 0 19 2
351.174192785 15 21 0 13 22 1 11 23 2
353.2884447225 5 27 0 1 21 1 3 16 2
353.660616635 3 25 0 5 25 1 7 26 2
354.0567921775 11 16 0 9 19 1 14 21 2
354.2234252275 7 30 0 6 29 1 4 29 2
354.3722683125 9 21 0 9 19 1 10 16 2
354.58891651 2 19 0 4 21 1 7 24 2
354.6436255275 10 20 0 10 18 1 11 17 2
355.729574075 11 18 0 5 18 1 0 18 2
355.8968258225 3 30 0 2 27 1 1 24 2
356.020291875 11 30 0 7 27 1 4 24 2
356.113949645 8 17 0 5 16 1 2 16 2
356.331484845 13 18 0 14 24 1 14 30 2
356.4409643325 5 19 0 8 21 1 10 23 2
357.531423055 4 22 0 5 20 1 6 18 2
360.169576755 12 26 0 8 26 1 5 26 2
360.3666259775 10 24 0 12 20 1 13 16 2
360.6393155425 8 28 0 9 28 1 10 29 2
361.4878508225 9 24 0 10 22 1 11 19 2
362.40306513 14 20 0 15 20 1 15 21 2
362.97616142 8 25 0 8 24 1 7 22 2
363.70330072 12 20 0 12 20 1 12 21 2
363.7056681475 8 30 0 9 28 1 11 26 2
363.7113367425 6 25 0 6 27 1 6 29 2
365.4882018875 2 20 0 6 25 1 9 31 2
365.618259755 14 27 0 11 28 1 8 28 2
366.399088205 13 24 0 11 23 1 5 22 2
366.4180840325 14 22 0 14 26 1 13 31 2
366.43642768 12 22 0 11 23 1 9 24 2
367.2152943775 3 24 0 6 27 1 9 29 2
367.36190266 9 31 0 5 31 1 1 31 2
369.6433852075 6 16 0 5 17 1 3 19 2
370.00112138 2 21 0 2 19 1 3 16 2
370.350577245 15 17 0 13 19 1 13 19 2
370.6503799425 12 18 0 13 18 1 15 18 2
371.7527393575 11 27 0 11 27 1 6 30 2
371.896347145 11 27 0 10 25 1 9 24 2
372.26791992 10 29 0 12 24 1 14 20 2
372.4986822 14 19 0 15 20 1 15 22 2
373.7621974475 6 29 0 11 25 1 15 22 2
374.1063739075 9 29 0 9 28 1 9 27 2
374.4269064625 10 26 0 9 28 1 8 29 2
375.423273535 3 21 0 3 21 1 2 21 2
375.9851676 4 20 0 4 21 1 12 22 2
376.3076762775 8 16 0 5 20 1 2 23 2
376.4302512625 3 19 0 3 25 1 2 31 2
377.5614161575 4 29 0 6 26 1 8 23 2
378.073799455 8 25 0 9 25 1 11 30 2
378.4401730525 7 16 0 3 17 1 0 19 2
378.60311644 11 31 0 12 28 1 13 26 2
382.035808565 7 27 0 4 27 1 1 29 2
382.5216912625 13 30 0 10 26 1 7 23 2
383.52054798 15 21 0 15 22 1 15 23 2
383.63013646 7 30 0 11 28 1 14 26 2
384.5205830725 5 21 0 8 21 1 11 22 2
384.562160655 7 19 0 4 20 1 1 21 2
384.7741480975 14 29 0 10 29 1 6 29 2
384.98317277 5 26 0 11 27 1 15 28 2
385.116915105 9 18 0 10 19 1 13 20 2
385.3718275825 8 16 0 8 19 1 7 22 2
385.421834935 13 26 0 14 25 1 15 23 2
386.057141955 8 25 0 9 22 1 10 20 2
386.096966115 5 16 0 2 18 1 0 21 2
386.48986551 11 19 0 12 22 1 13 20 2
386.6947615975 3 30 0 5 28 1 8 26 2
386.73541399 6 22 0 7 18 1 8 16 2
386.914553125 8 17 0 11 18 1 14 19 2
387.1700049 4 19 0 5 19 1 6 20 2
388.9645198875 1 31 0 4 8 1 8 29 2
389.256334495 13 24 0 9 23 1 5 23 2
391.0464181975 8 29 0 8 26 1 7 24 2
391.38526224 7 24 0 5 24 1 3 24 2
391.748761055 8 29 0 5 29 1 3 30 2
393.0535393575 11 23 0 8 21 1 6 21 2
393.1496013075 9 23 0 13 22 1 8 28 2
393.2383311 6 26 0 9 24 1 13 22 2
393.4578430275 10 28 0 11 28 1 12 29 2
393.9481475175 1 17 0 4 18 1 6 21 2
394.2444036125 2 21 0 3 26 1 4 31 2
394.698712475 8 18 0 4 19 1 1 20 2
395.30978923 7 19 0 7 21 1 7 24 2
395.727779355 1 28 0 3 19 1 5 16 2
396.112137175 15 21 0 8 18 1 0 18 2
396.2574461625 6 24 0 6 24 1 7 24 2
396.310600465 10 27 0 10 27 1 10 27 2
397.200964275 3 25 0 4 22 1 4 19 2
397.4563750075 9 12 0 2 26 1 4 27 2
398.9059622775 4 20 0 7 18 1 10 21 2
399.05653173 8 29 0 6 26 1 4 24 2
399.23941624 15 26 0 13 28 1 10 30 2
399.24449591 10 17 0 11 21 1 13 26 2
399.6523149825 9 29 0 11 26 1 13 23 2
399.718745235 4 30 0 5 26 1 6 22 2
400.2763782475 2 22 0 4 19 1 5 17 2
400.310875915 13 16 0 12 18 1 11 20 2
401.230033175 2 27 0 3 26 1 4 28 2
401.292264495 2 29 0 7 27 1 11 24 2
401.5202039975 13 22 0 13 22 1 13 24 2
402.5661707675 7 25 0 7 22 1 8 18 2
402.5962276825 4 25 0 6 23 1 8 20 2
402.9685062425 7 17 0 4 21 1 1 24 2
403.0999734525 4 31 0 2 31 1 0 30 2
404.303857505 1 23 0 3 18 1 3 20 2
405.019441985 7 21 0 11 21 1 7 21 2
406.197519315 3 31 0 8 31 1 13 31 2
407.24536179 8 18 0 6 17 1 5 17 2
407.6388918625 8 29 0 6 26 1 3 24 2
407.9896119475 1 31 0 9 28 1 9 24 2
408.98267589 13 16 0 11 21 1 9 26 2
409.396446095 10 27 0 6 25 1 6 23 2
410.2949333125 6 28 0 8 29 1 9 31 2
410.7909553575 13 30 0 11 27 1 9 21 2
413.2025950875 5 30 0 7 27 1 9 24 2
413.3466713425 4 20 0 6 22 1 11 23 2
413.51010389 12 26 0 10 25 1 8 24 2
413.53687062 2 18 0 3 18 1 3 19 2
413.9555222475 15 23 0 13 20 1 9 17 2
414.985980515 1 24 0 3 21 1 5 19 2
415.5465774075 9 31 0 7 31 1 6 30 2
416.16420799 10 28 0 12 29 1 14 30 2
416.23009737 6 17 0 10 22 1 15 27 2
416.2496820675 4 23 0 4 22 1 3 22 2
416.3767939475 9 27 0 5 28 1 2 29 2
416.901216705 8 20 0 10 18 1 13 16 2
417.8113284125 4 31 0 5 28 1 6 26 2
418.2394513625 13 23 0 8 22 1 3 21 2
418.7073196075 1 29 0 5 27 1 10 24 2
419.26499489 3 20 0 3 21 1 3 23 2
419.324935765 5 26 0 4 23 1 4 21 2
420.4584187175 8 17 0 5 21 1 3 26 2
420.6408074725 12 24 0 8 27 1 3 31 2
421.2510588725 9 18 0 10 19 1 11 21 2
421.509613745 14 25 0 15 26 1 13 23 2
422.2546097025 2 16 0 9 16 1 15 16 2
422.781175745 8 21 0 7 20 1 4 21 2
422.81983629 14 20 0 11 21 1 8 23 2
422.959833845 2 29 0 6 29 1 9 29 2
423.21556406 14 27 0 13 26 1 13 26 2
423.34553584 4 19 0 2 20 1 0 21 2
423.419637145 6 27 0 9 26 1 12 26 2
423.615869065 4 19 0 2 17 1 0 17 2
424.4337945125 9 19 0 11 24 1 13 28 2
424.614773855 13 24 0 10 23 1 6 22 2
424.6920067475 12 16 0 9 21 1 6 27 2
425.1432905725 5 30 0 5 26 1 4 22 2
425.7747345875 7 29 0 3 29 1 0 29 2
425.92976035 3 31 0 9 31 1 13 29 2
426.4470650825 2 29 0 3 30 1 3 31 2
427.9939265025 4 23 0 8 21 1 12 20 2
428.08157199 14 31 0 10 28 1 6 24 2
429.154217445 9 21 0 11 20 1 12 19 2
430.0813245575 2 28 0 3 30 1 4 31 2
431.1489704575 11 22 0 11 20 1 8 19 2
433.3559573275 10 16 0 11 18 1 12 19 2
433.3724133675 3 21 0 6 20 1 10 20 2
433.722032745 1 29 0 0 2 1 2 31 2
433.9724420275 4 17 0 5 18 1 4 15 2
434.3993960925 13 16 0 13 19 1 7 22 2
434.45100007 12 21 0 11 20 1 9 19 2
437.22634406 11 29 0 13 26 1 15 28 2
437.384298665 1 20 0 3 19 1 4 18 2
438.4174563025 15 19 0 9 21 1 4 22 2
438.92654629 2 25 0 2 24 1 2 22 2
439.532220795 11 16 0 9 18 1 7 19 2
439.70065913 9 27 0 12 24 1 15 21 2
440.1094675375 10 24 0 7 23 1 4 22 2
441.106873905 2 31 0 5 31 1 7 31 2
442.0336017275 8 19 0 11 18 1 14 18 2
442.2224182975 8 24 0 10 26 1 1 29 2
442.5877451025 12 31 0 13 31 1 14 31 2
442.731304645 14 28 0 9 25 1 6 22 2
442.7570703575 11 31 0 8 30 1 8 28 2
442.8820534175 12 31 0 9 31 1 7 30 2
442.8921333 2 23 0 7 26 1 12 31 2
443.94362505 9 28 0 11 27 1 12 26 2
444.2291461825 2 22 0 2 21 1 2 21 2
444.647378615 15 17 0 13 20 1 12 23 2
445.109673385 6 26 0 8 27 1 11 28 2
445.309231085 4 29 0 5 28 1 6 27 2
445.5005397325 13 24 0 9 22 1 5 20 2
445.5439637725 13 20 0 11 18 1 9 17 2
445.5468673075 4 19 0 3 24 1 1 29 2
445.90107309 13 31 0 13 29 1 12 27 2
446.23894341 15 29 0 10 26 1 4 23 2
446.5864474275 11 28 0 10 28 1 9 27 2
447.647200205 2 20 0 7 22 1 11 26 2
448.0831367475 1 27 0 4 27 1 6 27 2
448.4210814875 5 16 0 10 18 1 15 21 2
449.0227512425 12 22 0 10 26 1 9 30 2
449.1237175025 14 28 0 10 23 1 6 18 2
449.60618635 2 26 0 4 22 1 6 19 2
450.4311069475 3 29 0 8 30 1 13 31 2
451.02028263 7 27 0 6 27 1 5 27 2
451.14396346 6 27 0 6 25 1 5 24 2
451.640229815 3 29 0 3 26 1 2 22 2
451.8591678325 11 22 0 12 20 1 13 18 2
452.276640795 13 26 0 11 25 1 10 26 2
453.54970902 3 26 0 6 22 1 9 18 2
453.7352792425 7 19 0 4 19 1 1 20 2
453.8384680475 8 24 0 8 27 1 7 30 2
453.8529603625 1 24 0 4 27 1 5 28 2
453.927844865 1 16 0 1 20 1 3 22 2
454.7372822375 13 20 0 8 25 1 4 29 2
455.0702249575 13 26 0 12 28 1 11 30 2
455.28817369 8 21 0 9 24 1 10 28 2
455.566765765 3 16 0 5 18 1 7 20 2
455.65073918 5 21 0 3 22 1 0 24 2
456.508712265 7 16 0 6 21 1 5 27 2
457.2857861675 11 25 0 12 26 1 13 27 2
457.9796759075 7 16 0 2 17 1 0 23 2
458.566851225 11 26 0 11 24 1 10 22 2
461.9350993725 4 22 0 6 22 1 8 24 2
462.15765158 9 16 0 8 17 1 8 20 2
462.22414091 9 20 0 8 20 1 7 21 2
462.99032326 6 31 0 6 26 1 7 21 2
466.5469503 12 25 0 13 27 1 13 29 2
467.084765575 13 22 0 13 19 1 14 17 2
467.5697940175 9 28 0 8 26 1 7 26 2
469.0031550675 10 23 0 8 21 1 6 19 2
469.2653694325 9 20 0 12 22 1 15 21 2
469.3416690075 8 31 0 7 30 1 6 29 2
469.995589255 7 17 0 9 19 1 12 22 2
470.0443895525 5 22 0 4 27 1 4 31 2
470.52909827 5 24 0 5 22 1 6 22 2
473.2583088025 2 17 0 1 22 1 0 28 2
474.8226227525 13 24 0 7 29 1 2 31 2
475.7373787075 2 31 0 1 30 1 3 19 2
479.42016284 5 24 0 7 25 1 8 26 2
479.6617722275 4 29 0 3 28 1 2 27 2
480.000440855 15 30 0 14 28 1 13 26 2
480.662028125 15 28 0 15 29 1 15 29 2
480.848915975 4 16 0 9 22 1 14 28 2
480.918323005 9 23 0 9 20 1 10 18 2
481.057123625 13 28 0 7 24 1 2 21 2
481.13304982 6 28 0 8 27 1 8 27 2
481.14503525 14 18 0 11 20 1 9 22 2
481.290725275 11 31 0 12 26 1 12 21 2
481.66130355 8 25 0 6 24 1 5 24 2
481.88976413 14 17 0 15 18 1 13 18 2
482.04352756 7 31 0 6 28 1 5 24 2
482.6580175175 12 16 0 13 16 1 15 17 2
482.715725655 7 29 0 6 29 1 6 29 2
482.8488724775 1 3 0 5 27 1 9 27 2
483.4042511375 10 31 0 8 26 1 6 21 2
485.7515456825 8 29 0 7 23 1 7 17 2
486.3542472975 1 27 0 7 24 1 13 22 2
486.841541265 10 24 0 10 26 1 11 27 2
486.9027765675 14 31 0 12 26 1 10 22 2
487.174169805 4 17 0 8 18 1 11 20 2
487.6978173025 7 21 0 4 21 1 1 22 2
487.9573507775 9 30 0 5 29 1 2 27 2
488.650707735 10 27 0 10 25 1 10 24 2
488.86967048 5 26 0 4 26 1 4 27 2
489.330757715 3 19 0 8 21 1 12 24 2
489.855887035 15 23 0 11 21 1 7 20 2
492.0063735575 8 29 0 8 23 1 8 23 2
492.4493270525 5 23 0 6 25 1 8 27 2
493.43590734 1 23 0 6 26 1 13 21 2
493.4371846825 6 31 0 12 29 1 15 28 2
494.2240202725 5 23 0 9 22 1 13 21 2
496.162765775 13 19 0 12 23 1 11 28 2
496.35412983 4 19 0 8 18 1 12 17 2
497.555871195 5 30 0 5 31 1 6 31 2
497.8342698225 5 17 0 7 18 1 2 20 2
497.8944423775 6 28 0 4 29 1 2 30 2
498.1252121525 15 24 0 13 18 1 11 23 2
498.3585317275 7 21 0 3 18 1 0 16 2
498.3637662775 12 19 0 13 18 1 14 19 2
500.223140215 1 22 0 0 23 1 0 16 2
500.23448691 7 31 0 7 31 1 7 31 2
501.32790701 9 27 0 10 27 1 10 27 2
501.4399418775 7 25 0 4 26 1 2 27 2
502.49526543 12 25 0 9 27 1 5 29 2
502.6417870075 2 29 0 6 29 1 11 29 2
502.7143001625 3 22 0 6 22 1 8 23 2
504.0945109125 1 25 0 3 23 1 3 22 2
504.322378195 2 24 0 5 23 1 8 16 2
504.6686090075 12 25 0 13 24 1 13 24 2
504.8049584525 6 23 0 9 27 1 11 31 2
506.2364150525 3 19 0 2 19 1 2 19 2
507.2355709625 3 25 0 7 23 1 11 18 2
507.32503317 6 19 0 2 17 1 0 16 2
507.6245163325 3 25 0 4 24 1 5 23 2
508.52717017 4 18 0 5 18 1 5 19 2
509.5466615125 8 22 0 11 22 1 14 23 2
511.0569654775 7 17 0 6 24 1 5 31 2
511.694850785 14 18 0 14 18 1 15 18 2
512.5300289775 8 23 0 8 25 1 8 23 2
512.544029175 15 19 0 12 18 1 8 18 2
513.31274422 6 23 0 3 27 1 0 31 2
513.4747893225 5 27 0 5 28 1 5 29 2
514.3328735125 14 23 0 13 25 1 12 28 2
514.5733891 7 30 0 5 29 1 3 28 2
515.094650555 4 18 0 2 24 1 1 23 2
515.1850174375 8 25 0 7 27 1 6 30 2
515.2191191725 15 28 0 13 29 1 11 31 2
515.2763694625 4 20 0 9 24 1 13 29 2
516.443404625 9 28 0 5 28 1 1 21 2
516.750200665 4 19 0 4 19 1 5 21 2
516.824341845 2 29 0 5 29 1 8 29 2
517.3436661275 10 19 0 6 19 1 1 19 2
517.4427995775 8 28 0 14 28 1 12 30 2
518.09318014 10 25 0 10 24 1 11 22 2
518.4472727925 7 30 0 5 28 1 4 26 2
519.3499383725 14 17 0 13 18 1 12 19 2
520.95506641 10 19 0 10 20 1 10 22 2
521.16937624 10 23 0 6 27 1 0 31 2
521.2452027825 2 22 0 12 21 1 8 28 2
522.4920517275 7 22 0 10 24 1 12 26 2
522.7747188575 11 23 0 7 27 1 4 31 2
525.640067845 1 16 0 5 18 1 9 20 2
525.7738351625 9 21 0 10 21 1 12 22 2
526.1359511675 12 26 0 7 21 1 1 17 2
526.45080454 4 19 0 7 19 1 10 20 2
526.78506794 15 29 0 14 28 1 12 27 2
526.9480119675 15 26 0 14 26 1 15 23 2
527.8713335175 6 18 0 2 23 1 14 29 2
528.797630815 12 24 0 11 26 1 10 28 2
529.1942748375 2 31 0 4 30 1 5 29 2
529.21274099 7 21 0 7 25 1 7 31 2
529.2340294175 1 17 0 1 16 1 2 16 2
529.9567896 2 25 0 1 28 1 1 31 2
530.214427205 1 22 0 4 23 1 6 26 2
530.685323 3 16 0 2 21 1 1 26 2
530.75790164 13 18 0 7 21 1 1 24 2
531.5532668 7 31 0 7 26 1 7 21 2
531.8936715725 5 28 0 4 22 1 3 16 2
532.16678485 5 23 0 6 26 1 7 29 2
532.338595585 14 27 0 12 29 1 12 31 2
532.6304547375 9 24 0 3 25 1 11 27 2
533.365292825 8 28 0 10 25 1 11 24 2
533.81255978 4 28 0 3 29 1 2 29 2
535.5000586325 8 30 0 7 29 1 0 23 2
535.6361143125 9 30 0 9 26 1 9 21 2
536.0174046275 3 24 0 4 26 1 5 28 2
536.6086187425 1 20 0 2 18 1 1 17 2
537.4713071775 11 25 0 10 26 1 9 27 2
537.4956243925 6 25 0 7 25 1 8 26 2
538.4760564625 9 31 0 9 30 1 8 29 2
538.7443479275 14 22 0 14 22 1 13 23 2
540.45986309 2 31 0 1 26 1 0 21 2
540.7232338025 7 21 0 7 23 1 8 26 2
541.896007995 5 27 0 5 23 1 4 21 2
543.7155281225 15 26 0 12 25 1 9 27 2
544.1572141075 10 20 0 9 22 1 8 24 2
544.4002072575 5 22 0 8 24 1 11 26 2
544.606016845 12 30 0 9 29 1 9 30 2
545.16342493 11 26 0 10 23 1 9 22 2
545.92095364 15 30 0 15 28 1 15 26 2
546.5501046075 1 28 0 5 27 1 9 27 2
546.5949833625 12 17 0 7 18 1 2 19 2
546.679625055 14 27 0 15 22 1 15 17 2
546.7463380625 5 29 0 6 28 1 6 27 2
548.1339597125 2 31 0 4 31 1 7 26 2
548.57952532 15 24 0 12 25 1 10 26 2
549.2709470325 8 29 0 10 24 1 12 20 2
550.3768639825 7 25 0 4 23 1 0 27 2
550.5026550775 14 16 0 12 16 1 11 16 2
550.817560705 5 28 0 6 24 1 8 22 2
550.96131619 15 21 0 13 23 1 11 26 2
551.304901065 5 29 0 9 28 1 12 28 2
553.1397413375 15 30 0 14 28 1 12 27 2
553.60709811 11 23 0 11 21 1 11 20 2
554.6169695925 5 22 0 3 25 1 1 28 2
554.960899605 11 18 0 11 19 1 11 20 2
555.7417675125 12 24 0 12 21 1 11 18 2
555.7905640975 15 24 0 13 20 1 11 17 2
555.8668945 15 25 0 12 24 1 10 24 2
556.40029051 1 15 0 8 17 1 15 17 2
557.181152845 8 28 0 2 16 1 6 20 2
557.44443429 7 27 0 8 27 1 10 27 2
557.46611418 11 26 0 8 26 1 4 26 2
557.7602888375 1 29 0 0 25 1 0 24 2
558.1328321225 10 26 0 13 21 1 0 16 2
558.3351184725 4 27 0 3 31 1 2 31 2
559.1995014325 4 23 0 4 26 1 4 29 2
559.31192545 6 17 0 4 16 1 2 17 2
559.706854905 13 29 0 3 28 1 0 30 2
560.414984925 8 21 0 6 23 1 5 26 2
560.5467074875 1 27 0 1 27 1 0 28 2
560.9734363525 13 18 0 10 19 1 8 21 2
561.35145225 15 27 0 13 28 1 11 29 2
561.3877326625 9 29 0 10 25 1 11 22 2
561.5561495625 11 28 0 11 24 1 12 20 2
561.806204445 4 21 0 3 18 1 1 16 2
562.538527745 9 27 0 12 29 1 14 30 2
562.63825068 9 28 0 11 26 1 13 24 2
563.06302255 15 21 0 14 19 1 12 17 2
563.0734159325 9 24 0 12 26 1 15 27 2
563.091445485 14 24 0 14 22 1 14 21 2
565.83445097 9 27 0 9 25 1 9 24 2
565.8848943125 12 20 0 10 20 1 7 20 2
566.4906430775 3 31 0 4 30 1 5 29 2
567.8181275375 15 26 0 14 27 1 12 29 2
568.4823794875 3 29 0 4 29 1 5 30 2
568.9057230425 14 19 0 8 25 1 3 31 2
569.4970766875 8 17 0 7 21 1 7 26 2
569.56411516 11 16 0 7 21 1 3 27 2
570.2977127125 15 19 0 14 20 1 13 21 2
570.4701160975 8 22 0 5 23 1 2 24 2
571.13934324 11 25 0 11 26 1 11 27 2
571.6429729 6 29 0 5 28 1 4 27 2
571.943131185 10 26 0 14 26 1 11 26 2
571.9528473375 14 24 0 10 26 1 6 29 2
572.00468171 9 18 0 9 16 1 6 16 2
572.8569828425 13 19 0 13 17 1 12 16 2
572.8680300825 4 20 0 6 20 1 7 20 2
573.187168045 10 28 0 11 27 1 11 26 2
573.9017402875 6 21 0 6 21 1 5 21 2
574.0532688175 5 31 0 8 29 1 10 27 2
575.2853652975 12 24 0 12 21 1 12 18 2
576.8276881825 7 23 0 4 23 1 1 23 2
576.8935486425 2 17 0 4 20 1 6 24 2
577.938686115 8 26 0 8 26 1 8 27 2
578.561441915 10 25 0 10 23 1 10 22 2
578.76843852 9 27 0 8 22 1 8 17 2
578.8546421225 1 19 0 2 19 1 4 20 2
578.9082353075 12 29 0 10 26 1 8 23 2
579.02500355 2 24 0 6 26 1 10 28 2
579.1533681375 7 25 0 4 28 1 1 30 2
581.56568877 13 18 0 9 23 1 4 28 2
582.5693544425 11 30 0 13 29 1 14 29 2
582.89014659 9 19 0 0 25 1 4 24 2
584.2061521375 4 26 0 4 28 1 4 29 2
584.3856277675 4 24 0 5 23 1 5 22 2
584.4020733125 2 28 0 2 29 1 3 30 2
584.8144618625 1 17 0 1 17 1 2 17 2
585.1695988 6 16 0 7 17 1 8 19 2
585.32511652 12 26 0 8 28 1 4 30 2
586.1313679025 9 16 0 11 17 1 12 18 2
586.192523215 11 26 0 9 29 1 7 22 2
586.7069096275 4 30 0 5 24 1 5 18 2
587.064472335 7 22 0 4 25 1 2 23 2
587.4830883825 14 30 0 13 29 1 11 28 2
588.5263431625 15 25 0 15 28 1 14 31 2
588.849930655 11 24 0 11 20 1 11 17 2
589.416825095 2 28 0 4 26 1 5 24 2
589.6030548725 5 31 0 7 30 1 9 29 2
590.7519112175 4 30 0 7 26 1 10 23 2
591.4528160525 9 25 0 9 22 1 8 20 2
592.82449961 8 28 0 12 23 1 15 19 2
593.1329751775 10 20 0 11 21 1 13 22 2
593.437981895 9 28 0 11 26 1 12 23 2
593.5011462425 13 17 0 14 16 1 15 16 2
594.3737650775 2 26 0 1 23 1 0 21 2
594.7306505675 4 17 0 6 16 1 8 17 2
596.7953040225 10 30 0 9 25 1 4 24 2
597.204728635 11 24 0 10 19 1 9 16 2
597.7994491 7 31 0 8 30 1 9 30 2
598.05399163 14 23 0 12 21 1 9 20 2
600.265858985 13 29 0 15 24 1 15 19 2
600.479940025 15 16 0 15 18 1 15 21 2
600.5153131325 15 17 0 10 19 1 5 21 2
600.5341212 3 22 0 3 25 1 2 28 2
601.493895225 4 19 0 3 25 1 3 31 2
601.56060696 12 28 0 9 23 1 5 19 2
601.814702945 7 25 0 6 25 1 5 26 2
601.84488868 13 16 0 11 16 1 9 17 2
601.8983864525 5 18 0 4 19 1 3 21 2
602.806572685 14 28 0 11 28 1 8 28 2
602.8272074475 2 20 0 7 24 1 12 29 2
603.139854465 7 21 0 6 19 1 5 17 2
603.28586268 5 21 0 7 18 1 5 16 2
603.703480635 11 29 0 6 28 1 1 27 2
603.7515954125 3 23 0 2 23 1 2 24 2
604.1611360675 13 25 0 12 25 1 11 27 2
604.17845949 4 22 0 6 25 1 7 28 2
604.84246123 14 22 0 14 23 1 14 24 2
604.8931205875 12 19 0 7 23 1 3 28 2
606.23057547 2 18 0 14 17 1 9 26 2
606.2450157125 8 25 0 7 25 1 4 24 2
606.308317685 10 27 0 8 26 1 6 26 2
608.0184196575 4 31 0 3 29 1 3 28 2
608.8308023025 2 16 0 6 17 1 10 19 2
609.269817365 15 27 0 13 26 1 11 24 2
610.1849899075 7 25 0 8 24 1 8 24 2
610.379197245 6 27 0 7 23 1 8 19 2
612.9484393625 5 26 0 6 25 1 8 24 2
613.5056354425 5 16 0 6 16 1 7 16 2
613.917342995 4 21 0 2 19 1 0 18 2
614.180147435 9 31 0 5 24 1 3 21 2
614.3926241375 1 27 0 7 26 1 13 26 2
614.7521354575 3 31 0 5 31 1 6 30 2
614.94269172 5 27 0 4 28 1 3 28 2
615.0908294625 11 24 0 9 20 1 8 17 2
615.1364159875 7 29 0 7 24 1 7 26 2
615.512388345 13 27 0 11 26 1 9 26 2
615.619482535 6 20 0 4 18 1 2 17 2
615.98297181 4 20 0 3 20 1 3 20 2
616.53140044 12 29 0 12 24 1 11 19 2
616.643785645 10 23 0 6 23 1 1 24 2
616.9762659225 11 21 0 13 18 1 15 16 2
617.6462375875 9 18 0 12 18 1 14 18 2
618.4991505725 13 24 0 11 21 1 9 19 2
618.845677535 3 26 0 6 26 1 10 27 2
620.2755629175 8 19 0 8 19 1 9 19 2
620.788823715 12 26 0 13 25 1 14 24 2
622.342758075 6 25 0 4 24 1 2 23 2
622.37058601 1 21 0 4 19 1 7 19 2
622.3759178025 3 16 0 2 19 1 3 22 2
622.7456762825 12 19 0 12 19 1 9 20 2
622.7861710975 13 29 0 11 29 1 12 29 2
622.9481092825 3 22 0 0 20 1 13 22 2
623.066664015 6 19 0 5 18 1 4 19 2
623.5703414275 5 24 0 4 22 1 4 21 2
624.2546313825 8 22 0 5 18 1 2 16 2
624.3363528425 8 22 0 5 16 1 2 23 2
624.9891670075 3 18 0 4 20 1 5 23 2
625.1701355025 2 24 0 1 24 1 1 24 2
625.8634110125 3 18 0 2 20 1 0 22 2
626.0528253675 8 23 0 15 31 1 13 19 2
626.8004314425 6 21 0 7 26 1 9 30 2
627.2430269625 9 18 0 9 17 1 10 16 2
627.39917793 3 24 0 5 21 1 8 18 2
627.8719749 9 28 0 13 28 1 15 28 2
628.3351884125 11 16 0 12 17 1 12 19 2
628.6560109025 4 24 0 5 24 1 6 26 2
629.162857075 12 31 0 12 30 1 12 29 2
629.52519666 1 24 0 8 22 1 15 19 2
629.83196301 10 28 0 12 26 1 13 26 2
630.7467432225 10 20 0 12 22 1 14 26 2
630.7924607475 9 26 0 12 27 1 15 24 2
630.8278730675 5 29 0 5 29 1 7 31 2
631.1663830725 15 31 0 11 26 1 6 22 2
631.82908621 12 25 0 12 26 1 12 28 2
632.0329837775 3 26 0 6 22 1 11 21 2
632.5064167625 2 31 0 7 26 1 12 21 2
632.508977345 10 23 0 13 26 1 15 29 2
632.6682521575 3 19 0 6 17 1 9 19 2
634.733544925 9 21 0 9 20 1 9 19 2
634.881336215 14 26 0 12 23 1 10 21 2
635.655065615 2 26 0 2 25 1 2 24 2
636.610720495 8 23 0 9 23 1 9 24 2
636.7619584375 3 20 0 2 18 1 0 18 2
637.3421406425 1 24 0 8 23 1 15 24 2
637.569272455 10 16 0 9 16 1 9 17 2
638.4932704675 13 26 0 9 22 1 5 18 2
638.79159608 3 24 0 6 23 1 9 23 2
640.755470895 1 16 0 2 17 1 8 9 2
640.91286706 6 24 0 6 27 1 7 28 2
641.5733120825 10 19 0 8 18 1 4 16 2
642.0374150475 7 31 0 4 26 1 0 22 2
642.7668003125 3 21 0 2 20 1 1 20 2
643.203762185 5 20 0 6 19 1 7 18 2
644.1737913725 12 28 0 12 16 1 12 16 2
644.3202033875 15 22 0 12 25 1 9 29 2
645.25961002 2 22 0 2 22 1 1 22 2
645.3520964275 6 21 0 8 22 1 9 22 2
645.54731564 9 27 0 11 26 1 14 27 2
648.716001845 7 26 0 10 27 1 13 29 2
650.9581131 7 16 0 8 18 1 9 19 2
651.5655143925 4 22 0 9 21 1 14 20 2
652.781746025 13 25 0 13 25 1 11 26 2
652.9345963425 4 16 0 7 20 1 10 26 2
653.838700115 9 19 0 11 20 1 12 21 2
654.07361115 3 29 0 9 24 1 15 19 2
654.862538005 13 16 0 14 16 1 15 17 2
655.026830585 7 18 0 5 21 1 4 24 2
655.7495662725 6 24 0 11 25 1 15 26 2
658.118739025 12 31 0 11 27 1 10 23 2
658.8819917875 3 18 0 3 19 1 2 20 2
659.37536498 6 28 0 8 27 1 11 26 2
660.141873335 2 26 0 1 26 1 0 28 2
660.653193225 1 16 0 2 16 1 3 16 2
661.0117152375 11 27 0 12 28 1 13 29 2
661.064803785 15 19 0 14 22 1 14 24 2
661.0819301575 7 23 0 4 24 1 1 26 2
661.3609427725 6 26 0 2 25 1 1 21 2
661.9176008025 11 25 0 11 25 1 11 26 2
662.8760937275 3 24 0 3 21 1 2 19 2
663.0158381475 10 28 0 11 28 1 12 28 2
663.443519075 7 24 0 9 23 1 8 26 2
663.8517152175 9 27 0 9 28 1 9 30 2
664.2837283125 12 27 0 12 29 1 10 31 2
664.4475201625 7 19 0 7 19 1 8 20 2
664.5998524525 15 27 0 12 27 1 10 28 2
665.2391896925 6 25 0 9 29 1 13 31 2
665.558022125 5 27 0 7 25 1 8 24 2
666.1404242575 6 31 0 3 26 1 0 21 2
666.4399691775 7 25 0 5 25 1 3 24 2
666.76820714 4 22 0 2 20 1 2 16 2
667.1933145875 1 19 0 2 19 1 2 20 2
667.8007140875 10 30 0 11 29 1 12 29 2
667.9498109725 14 25 0 14 24 1 15 22 2
668.303682385 2 26 0 2 21 1 2 17 2
668.6829341775 8 28 0 8 26 1 9 24 2
668.9219918475 8 25 0 9 27 1 10 30 2
669.1129290425 12 21 0 10 25 1 8 29 2
669.745147575 5 25 0 3 28 1 0 31 2
673.0115318525 6 21 0 11 17 1 15 16 2
673.665596765 9 26 0 8 26 1 7 21 2
674.30593228 8 25 0 5 26 1 2 28 2
675.41942419 3 23 0 2 25 1 0 28 2
675.9899947025 7 31 0 7 26 1 7 20 2
677.31180142 14 22 0 14 20 1 15 19 2
677.6934238775 5 16 0 5 18 1 7 20 2
677.910711345 11 31 0 12 27 1 12 23 2
679.4690857925 11 21 0 13 19 1 15 17 2
679.6227524075 11 24 0 5 25 1 0 27 2
680.592301085 6 20 0 4 20 1 2 20 2
680.824280025 14 22 0 15 20 1 15 17 2
681.2954262275 5 23 0 5 21 1 5 19 2
681.5694510825 5 26 0 6 23 1 7 20 2
681.9204315125 1 31 0 7 31 1 12 30 2
682.391571555 2 22 0 2 31 1 2 19 2
682.6180620325 9 19 0 10 21 1 11 23 2
682.7469417475 11 19 0 10 21 1 10 23 2
683.9059461525 5 25 0 5 24 1 1 21 2
684.16839077 11 19 0 10 18 1 8 18 2
685.07663116 3 20 0 5 23 1 7 26 2
685.5709152175 6 17 0 7 19 1 8 23 2
686.649300125 5 23 0 5 25 1 5 27 2
686.6677245075 12 31 0 13 30 1 13 28 2
686.8436046725 6 28 0 9 22 1 12 17 2
687.9284585575 3 29 0 4 28 1 6 27 2
689.397669385 6 20 0 6 23 1 5 27 2
690.397678835 15 27 0 9 29 1 4 31 2
690.431971305 8 31 0 9 30 1 10 29 2
690.9743477075 9 16 0 10 19 1 11 23 2
691.5014693975 8 31 0 12 30 1 9 29 2
692.033149735 9 19 0 8 19 1 6 20 2
692.4683929725 6 16 0 5 19 1 3 21 2
695.1201317825 10 20 0 11 23 1 13 24 2
695.49192634 3 19 0 2 18 1 2 18 2
695.573141485 9 16 0 10 16 1 11 16 2
696.680892835 9 18 0 8 19 1 6 20 2
697.2763578275 2 20 0 1 21 1 0 23 2
698.27880819 2 23 0 5 24 1 8 26 2
699.862142985 11 28 0 12 28 1 13 28 2
700.5096788125 6 19 0 5 20 1 4 22 2
700.533158245 7 25 0 6 23 1 5 20 2
701.6527535625 10 30 0 12 28 1 14 24 2
701.7058852875 2 26 0 8 27 1 10 28 2
702.05058319 14 31 0 6 30 1 0 28 2
702.995624715 1 21 0 3 20 1 5 20 2
703.4293522375 14 19 0 11 19 1 8 19 2
703.520448265 8 31 0 6 27 1 5 24 2
703.706544245 9 20 0 9 21 1 9 22 2
706.066128475 12 24 0 11 22 1 12 21 2
706.83031453 2 31 0 2 26 1 4 21 2
706.8816453625 5 19 0 5 24 1 6 29 2
706.9656230575 10 24 0 7 23 1 4 22 2
707.109207595 7 24 0 5 23 1 2 23 2
707.7778266375 11 25 0 12 24 1 13 23 2
707.860189385 8 24 0 6 20 1 7 16 2
709.3073554625 4 25 0 8 23 1 12 20 2
709.702602365 12 20 0 7 19 1 2 19 2
709.9726934225 8 21 0 14 31 1 8 26 2
711.0057523725 11 16 0 6 24 1 3 30 2
711.15990913 4 18 0 8 20 1 12 23 2
711.6174850675 2 17 0 4 19 1 7 23 2
712.47308129 11 26 0 7 28 1 4 31 2
712.92994775 1 29 0 2 27 1 1 27 2
713.0533445775 4 20 0 8 20 1 12 20 2
713.33324781 11 30 0 11 28 1 11 26 2
713.42964028 8 29 0 4 30 1 0 30 2
714.231659875 10 26 0 10 28 1 9 30 2
714.316601745 7 29 0 8 28 1 8 27 2
715.6105945325 3 21 0 1 20 1 0 21 2
715.9118473075 6 24 0 7 24 1 8 26 2
716.4431121225 12 31 0 13 25 1 8 27 2
716.4519483775 12 16 0 10 20 1 9 24 2
716.7078678175 6 24 0 9 19 1 12 17 2
717.055350795 5 16 0 5 16 1 5 17 2
717.45313054 3 22 0 1 22 1 0 26 2
717.49615364 7 29 0 6 30 1 5 30 2
717.6287496575 14 24 0 13 26 1 11 29 2
717.9108423725 7 31 0 6 28 1 5 26 2
718.33174808 10 19 0 12 20 1 13 21 2
719.028871315 12 22 0 12 21 1 11 20 2
719.4429215675 4 29 0 2 31 1 0 31 2
719.8443203925 4 24 0 5 23 1 5 23 2
719.922594495 2 22 0 4 21 1 6 21 2
719.933619105 7 25 0 7 27 1 7 29 2
720.61256644 12 28 0 12 26 1 11 24 2
720.6488106625 4 22 0 5 21 1 6 21 2
720.8868576825 5 17 0 5 20 1 6 23 2
720.9971585125 8 31 0 10 30 1 13 30 2
721.69398957 9 28 0 10 28 1 12 28 2
722.4650036175 13 24 0 12 23 1 10 27 2
724.9087744525 5 20 0 7 21 1 8 23 2
725.12371552 1 21 0 2 20 1 6 19 2
725.5096282125 14 22 0 14 25 1 15 28 2
725.5639592475 10 17 0 9 18 1 9 19 2
725.6634837825 7 28 0 7 29 1 7 30 2
728.170910475 3 26 0 7 21 1 11 16 2
728.3281811875 14 22 0 9 20 1 5 24 2
728.4861210375 14 31 0 14 28 1 14 24 2
728.9596196975 8 17 0 10 21 1 12 24 2
729.5252063175 10 28 0 8 23 1 6 19 2
729.7212576125 3 27 0 9 24 1 14 21 2
730.4502872825 8 24 0 5 28 1 1 31 2
730.4660479025 14 24 0 11 20 1 9 16 2
730.72960103 11 31 0 9 26 1 8 22 2
730.792184805 15 27 0 13 27 1 11 26 2
730.820616825 7 27 0 9 29 1 10 31 2
731.4485755975 9 23 0 6 19 1 3 16 2
731.6980864775 7 21 0 6 24 1 5 27 2
732.31549282 3 20 0 5 19 1 7 18 2
732.8955958075 2 18 0 5 19 1 8 21 2
733.132722235 10 25 0 6 26 1 11 26 2
735.0009943775 15 31 0 11 25 1 6 20 2
735.1050308725 3 24 0 4 27 1 5 30 2
735.1724269425 10 21 0 9 20 1 8 20 2
735.2308563275 10 23 0 12 23 1 13 24 2
735.371205385 12 30 0 10 26 1 8 23 2
735.8408382325 14 30 0 14 23 1 13 17 2
736.33691396 15 31 0 15 31 1 15 31 2
737.239997805 9 16 0 7 16 1 4 17 2
739.3862233675 8 23 0 5 19 1 2 16 2
739.5927138525 15 20 0 11 22 1 8 24 2
740.6044992275 2 22 0 2 22 1 2 23 2
740.63312052 6 22 0 9 19 1 13 17 2
740.6913775425 1 25 0 6 27 1 13 30 2
741.70927373 11 24 0 10 20 1 9 17 2
742.12783504 11 19 0 7 24 1 3 30 2
742.4657921325 8 27 0 5 27 1 2 27 2
743.61049346 11 31 0 13 27 1 14 24 2
743.9090467725 11 30 0 10 29 1 9 29 2
744.28272967 5 28 0 5 28 1 5 27 2
744.80546755 6 25 0 4 26 1 4 28 2
745.325030065 3 22 0 9 21 1 14 21 2
747.8219337175 1 27 0 4 25 1 8 22 2
748.122741405 7 20 0 7 20 1 7 20 2
748.3695953375 4 29 0 5 26 1 5 23 2
748.7967756525 6 29 0 5 29 1 4 28 2
750.18947134 3 27 0 5 24 1 6 21 2
750.3271927875 10 28 0 9 28 1 9 26 2
750.482890995 8 19 0 11 20 1 13 22 2
750.4830942325 3 18 0 3 18 1 3 20 2
751.7906379725 5 21 0 9 20 1 13 20 2
752.473538335 1 21 0 3 20 1 3 19 2
752.4875235025 15 16 0 14 17 1 13 16 2
752.93354921 12 25 0 13 25 1 15 26 2
753.0273216025 8 24 0 10 20 1 12 17 2
753.23493482 6 20 0 2 20 1 5 24 2
754.975906115 6 20 0 5 20 1 5 21 2
755.0245308575 5 27 0 7 28 1 8 29 2
755.1503980175 12 17 0 8 18 1 4 20 2
755.5198423675 11 29 0 8 28 1 5 27 2
755.5907433225 6 22 0 4 24 1 2 26 2
755.6183667925 15 31 0 10 30 1 1 28 2
756.3218132825 4 26 0 7 25 1 10 24 2
756.4736381725 7 22 0 6 22 1 5 23 2
756.80010578 11 30 0 11 25 1 10 20 2
757.5071160425 14 27 0 13 26 1 11 26 2
757.55771594 7 20 0 4 21 1 5 23 2
758.04805502 13 31 0 12 26 1 10 21 2
759.6645186525 8 21 0 11 21 1 13 21 2
759.9076741725 12 29 0 7 23 1 2 19 2
760.135014905 13 29 0 12 29 1 10 31 2
760.3521354075 15 21 0 12 21 1 9 22 2
761.447497515 9 28 0 11 26 1 13 24 2
761.53100457 14 17 0 13 17 1 10 17 2
761.803167255 1 29 0 3 29 1 4 29 2
762.58805988 9 29 0 11 25 1 14 17 2
762.89663317 12 21 0 12 19 1 11 20 2
764.95401077 14 21 0 12 21 1 11 21 2
765.03943031 3 21 0 2 21 1 1 22 2
765.9778339325 15 23 0 15 24 1 15 26 2
766.5745827075 4 26 0 3 23 1 2 21 2
767.1271317175 11 28 0 7 26 1 4 27 2
767.4500630575 9 17 0 9 21 1 8 26 2
768.1922985425 2 27 0 1 22 1 0 17 2
768.8222205375 11 28 0 9 18 1 4 30 2
769.2936100275 1 24 0 2 22 1 3 22 2
770.3806207675 1 25 0 1 27 1 2 29 2
772.3055506075 10 29 0 8 26 1 6 24 2
772.6654871725 14 29 0 8 17 1 1 18 2
772.7316093475 3 16 0 2 19 1 0 23 2
773.4700183575 11 28 0 12 22 1 12 19 2
773.5650567475 2 22 0 2 26 1 1 31 2
773.9875385875 13 22 0 14 21 1 14 20 2
774.00121949 3 17 0 3 18 1 3 19 2
774.552733375 12 28 0 9 25 1 7 24 2
774.932904995 1 23 0 1 22 1 1 21 2
776.4778017375 15 31 0 13 31 1 11 31 2
776.82591516 2 16 0 11 19 1 6 16 2
777.81091417 15 24 0 11 21 1 6 19 2
777.84668472 10 28 0 8 24 1 5 20 2
777.962603925 12 22 0 8 24 1 5 26 2
778.40620537 2 21 0 3 20 1 3 18 2
778.951972505 7 27 0 4 28 1 0 30 2
779.2545937525 8 29 0 11 26 1 14 23 2
779.49897599 6 22 0 6 23 1 6 26 2
780.1510032825 9 23 0 11 21 1 13 20 2
781.5186709275 1 26 0 3 28 1 5 31 2
782.06462551 4 27 0 4 25 1 5 24 2
782.136583365 5 21 0 3 23 1 1 27 2
782.1996494575 6 20 0 10 23 1 14 26 2
783.36321519 3 28 0 2 27 1 0 24 2
784.085720025 2 25 0 4 22 1 7 20 2
784.3284730325 10 30 0 11 27 1 13 24 2
785.247010155 3 29 0 4 26 1 4 24 2
785.6921895275 6 30 0 3 31 1 0 31 2
786.104560055 13 30 0 11 27 1 9 26 2
786.25054166 12 30 0 12 28 1 14 27 2
786.6288544975 15 21 0 14 21 1 12 21 2
787.27769502 14 16 0 7 19 1 0 24 2
787.452768525 1 20 0 1 22 1 1 24 2
787.7341361475 1 23 0 0 19 1 0 16 2
788.239695385 6 20 0 8 20 1 10 21 2
788.78110168 11 26 0 12 25 1 13 24 2
788.92749928 11 20 0 10 17 1 9 16 2
789.9402158525 7 28 0 4 28 1 1 29 2
790.9239946 2 17 0 3 21 1 3 26 2
790.9318910625 8 27 0 4 25 1 0 24 2
790.95434669 1 22 0 11 22 1 1 22 2
791.640689165 8 29 0 7 26 1 6 24 2
791.78282447 10 20 0 10 20 1 10 20 2
791.83747227 8 29 0 8 24 1 15 16 2
792.11954141 8 20 0 9 21 1 14 22 2
794.063760655 12 18 0 8 22 1 15 27 2
794.6447210875 4 31 0 4 30 1 5 28 2
796.262702625 7 31 0 6 29 1 5 28 2
797.0417944675 2 16 0 2 20 1 1 26 2
797.24194054 9 16 0 8 17 1 6 19 2
797.97317748 13 31 0 9 20 1 0 26 2
798.065094385 12 31 0 9 23 1 6 17 2
799.6668614 2 30 0 1 31 1 0 31 2
801.7359052075 10 28 0 7 29 1 3 30 2
801.899497545 1 21 0 2 24 1 3 27 2
802.6793002925 12 23 0 12 31 1 12 28 2
804.611372015 3 26 0 3 28 1 3 31 2
804.650003905 1 26 0 3 22 1 5 18 2
804.768849015 7 20 0 13 22 1 15 23 2
804.814537005 11 22 0 7 22 1 3 23 2
805.5588745275 7 18 0 9 17 1 11 18 2
805.6536545075 2 20 0 5 19 1 8 21 2
806.6938746725 6 28 0 4 22 1 3 27 2
807.22572346 11 17 0 12 16 1 14 16 2
808.0358523125 1 18 0 2 17 1 3 18 2
808.5503750375 7 23 0 5 25 1 3 27 2
809.3629985875 1 25 0 6 19 1 11 16 2
810.0506475525 11 29 0 7 29 1 3 29 2
810.443484665 13 20 0 9 17 1 5 16 2
810.67591569 11 28 0 7 25 1 3 22 2
810.786665355 3 19 0 3 21 1 3 24 2
810.7961240375 12 25 0 12 21 1 12 17 2
811.05054503 13 29 0 12 24 1 10 20 2
813.0982980525 5 20 0 5 21 1 6 22 2
813.1897225575 15 23 0 9 26 1 3 22 2
813.6613053975 5 31 0 9 30 1 10 27 2
813.911307705 5 26 0 4 21 1 3 17 2
814.598843185 15 17 0 7 23 1 0 29 2
815.73557071 5 19 0 12 24 1 14 23 2
815.895099465 12 21 0 12 20 1 12 19 2
817.516340485 11 22 0 10 21 1 10 21 2
817.88244584 8 25 0 8 24 1 8 24 2
818.55604552 6 21 0 7 19 1 8 19 2
818.849415175 7 27 0 9 26 1 12 24 2
819.2199296875 12 19 0 11 18 1 10 17 2
820.95507673 1 26 0 1 20 1 4 16 2
820.98477906 4 16 0 3 21 1 1 26 2
821.181684835 9 19 0 5 20 1 2 21 2
821.36066961 8 21 0 12 20 1 15 20 2
822.56047752 15 16 0 14 16 1 13 17 2
824.1889869875 5 29 0 6 31 1 7 26 2
824.38291188 12 20 0 14 19 1 15 19 2
825.315464945 9 24 0 8 31 1 7 19 2
825.634618785 5 22 0 3 20 1 1 18 2
825.8144863875 13 19 0 10 24 1 6 29 2
825.8789003225 5 28 0 3 25 1 2 23 2
826.1755601825 9 26 0 11 26 1 12 23 2
826.23011446 8 31 0 8 25 1 9 19 2
826.2629463875 5 30 0 4 28 1 3 26 2
826.99099787 14 22 0 14 19 1 14 16 2
827.0219445025 2 25 0 3 20 1 4 16 2
827.0222020475 12 31 0 11 28 1 11 26 2
827.705859285 9 28 0 10 27 1 11 26 2
828.385207185 10 22 0 10 26 1 11 30 2
830.355392145 1 25 0 4 22 1 8 19 2
831.08930944 7 30 0 9 30 1 10 31 2
831.09358455 5 27 0 4 23 1 4 20 2
831.1846848775 13 20 0 10 17 1 7 16 2
832.8450170375 11 17 0 12 18 1 15 22 2
832.90639102 4 27 0 6 26 1 9 24 2
833.1078544425 15 20 0 13 19 1 10 19 2
833.7575083325 1 28 0 1 30 1 4 30 2
833.7713729825 5 30 0 3 31 1 0 31 2
833.8995753825 12 22 0 11 24 1 10 27 2
834.5133170175 6 24 0 5 25 1 3 28 2
834.5656712125 11 28 0 10 27 1 9 26 2
834.7528167075 5 29 0 3 23 1 1 17 2
835.3512138925 6 24 0 3 24 1 0 24 2
837.1736270625 15 24 0 13 24 1 11 23 2
837.25664709 12 31 0 13 24 1 14 16 2
837.5263090325 5 27 0 7 26 1 9 26 2
837.6678796025 9 21 0 6 20 1 2 19 2
838.1082354625 6 31 0 6 23 1 6 16 2
839.4446838825 8 28 0 4 28 1 1 28 2
839.8646056275 5 22 0 9 21 1 12 21 2
840.9997094625 13 28 0 9 25 1 4 21 2
842.28205123 9 16 0 9 17 1 11 20 2
843.2005248425 3 27 0 6 26 1 9 28 2
843.3187981725 10 22 0 10 23 1 9 24 2
844.0717891725 14 24 0 15 23 1 15 21 2
844.401924355 6 28 0 6 25 1 7 22 2
844.9123584175 2 25 0 1 25 1 2 22 2
845.8714019225 12 26 0 11 25 1 10 24 2
846.7531698725 10 24 0 11 23 1 12 22 2
846.810868525 7 27 0 5 25 1 14 27 2
847.2491326425 6 31 0 6 31 1 5 31 2
847.250876355 9 30 0 9 30 1 9 29 2
847.7407228925 15 25 0 12 26 1 12 28 2
848.36904568 12 24 0 9 29 1 3 29 2
848.814911235 5 21 0 4 19 1 4 24 2
848.8700793825 7 21 0 2 21 1 1 24 2
849.88491813 6 17 0 5 18 1 6 21 2
849.9250741725 10 31 0 10 30 1 11 29 2
850.058486225 10 16 0 10 18 1 10 21 2
850.297038375 10 23 0 11 25 1 11 27 2
850.91619962 12 25 0 9 25 1 8 20 2
851.1467377925 12 25 0 7 20 1 2 8 2
853.3629071225 10 26 0 7 21 1 4 16 2
853.5136081575 13 29 0 12 26 1 10 24 2
854.39491271 8 26 0 7 24 1 6 21 2
854.6045660075 8 16 0 7 21 1 6 26 2
854.93375081 4 20 0 3 18 1 3 17 2
855.401437775 6 26 0 9 26 1 13 27 2
856.7779284425 4 19 0 2 21 1 7 18 2
858.3644526225 6 17 0 8 24 1 10 31 2
858.419845775 6 25 0 10 21 1 13 24 2
859.08096966 5 26 0 8 27 1 12 29 2
859.091976115 13 30 0 13 29 1 13 27 2
859.55991354 13 21 0 8 26 1 2 31 2
860.00299629 1 18 0 4 16 1 7 16 2
860.2746160925 12 19 0 8 19 1 6 21 2
860.6618147025 11 27 0 12 28 1 13 29 2
861.7931417575 3 21 0 3 21 1 4 21 2
862.7660625375 2 17 0 5 17 1 8 18 2
862.90692238 2 30 0 7 31 1 7 31 2
863.360866615 13 17 0 12 18 1 12 19 2
863.53264379 10 26 0 9 25 1 8 24 2
864.0191116475 8 25 0 5 21 1 2 18 2
865.44258713 4 27 0 3 25 1 2 23 2
865.5316279675 2 20 0 3 18 1 4 18 2
865.74228895 5 19 0 10 21 1 15 23 2
865.8767228625 1 9 0 4 21 1 7 24 2
865.9026347625 10 19 0 11 19 1 11 19 2
866.3412113875 12 16 0 14 19 1 11 21 2
866.7969197625 3 22 0 4 22 1 5 24 2
867.6833097825 5 18 0 6 20 1 8 22 2
868.7965808425 7 28 0 5 30 1 3 31 2
870.070182565 13 29 0 10 26 1 7 23 2
870.4343592675 13 16 0 11 20 1 9 28 2
872.042886455 13 29 0 11 28 1 10 27 2
872.075744445 15 16 0 12 16 1 10 16 2
872.12574268 15 29 0 11 24 1 5 24 2
872.5384962925 4 31 0 4 30 1 4 29 2
872.8780924825 5 21 0 3 22 1 2 24 2
873.0939814825 13 23 0 13 25 1 12 28 2
873.143941065 2 20 0 5 18 1 8 16 2
873.35437031 13 24 0 10 25 1 7 27 2
873.6297444275 5 28 0 5 28 1 4 29 2
874.0219954225 10 22 0 11 22 1 11 23 2
876.082266485 11 31 0 13 29 1 14 28 2
876.3165940025 7 16 0 7 17 1 8 19 2
876.793195815 6 21 0 9 24 1 12 28 2
877.7160301 15 17 0 14 16 1 14 17 2
880.570499595 14 22 0 12 24 1 9 26 2
880.902662505 5 28 0 5 24 1 4 19 2
881.0533764075 4 30 0 7 30 1 9 30 2
881.956094165 6 22 0 3 22 1 1 24 2
882.4157530475 8 23 0 6 19 1 5 16 2
882.5975058375 2 20 0 1 21 1 1 22 2
882.6435356075 13 27 0 12 26 1 11 26 2
882.776718095 9 18 0 6 19 1 3 22 2
882.853204625 13 22 0 8 25 1 3 28 2
885.2252216925 8 20 0 6 20 1 5 21 2
885.2931961275 2 16 0 2 23 1 2 29 2
885.3463011275 5 25 0 4 20 1 2 17 2
885.4598113825 13 19 0 14 17 1 14 16 2
885.63528134 5 21 0 4 30 1 3 22 2
886.130425125 10 26 0 8 26 1 5 27 2
886.3061502025 11 29 0 6 22 1 0 16 2
886.9489163925 7 31 0 5 30 1 2 29 2
887.02694063 9 28 0 7 29 1 5 29 2
887.0537623675 9 23 0 10 27 1 11 31 2
887.0968831275 8 29 0 12 27 1 15 26 2
887.3199640325 8 26 0 8 29 1 8 31 2
888.53839606 12 19 0 13 20 1 15 20 2
890.254413265 10 20 0 12 20 1 3 22 2
892.566116975 1 28 0 8 30 1 14 29 2
892.652176975 6 17 0 3 18 1 1 20 2
893.3043666175 6 23 0 5 24 1 4 24 2
895.107489405 3 20 0 2 20 1 1 22 2
896.00416787 7 27 0 11 29 1 15 31 2
896.0682481425 12 23 0 12 20 1 12 17 2
897.20409352 1 23 0 1 22 1 1 22 2
897.6015656475 6 19 0 3 19 1 0 20 2
897.7570896125 13 29 0 13 28 1 12 27 2
898.2200172625 13 28 0 3 28 1 0 27 2
898.6029808075 3 25 0 5 27 1 7 30 2
898.73270327 9 19 0 5 18 1 1 18 2
899.052581945 13 28 0 13 29 1 12 31 2
899.6816381975 15 26 0 8 27 1 0 29 2
900.29777585 2 19 0 3 20 1 4 22 2
900.83920841 14 23 0 11 26 1 9 29 2
900.9958227625 15 26 0 14 23 1 12 20 2
901.118100875 7 21 0 6 21 1 6 23 2
901.2298331775 15 24 0 15 24 1 15 24 2
901.37701516 7 23 0 9 20 1 11 17 2
901.427720585 7 25 0 5 24 1 2 24 2
901.648797845 12 17 0 6 17 1 15 19 2
901.8015241575 15 17 0 15 16 1 14 17 2
902.13680835 1 22 0 4 16 1 9 21 2
903.5091329075 12 25 0 12 21 1 12 18 2
904.396102765 12 28 0 9 28 1 7 28 2
904.6391329825 8 23 0 11 21 1 15 20 2
907.086478125 2 19 0 6 24 1 9 31 2
907.194754345 11 25 0 10 27 1 8 30 2
908.05294279 13 20 0 13 20 1 10 21 2
908.297005075 3 27 0 5 29 1 7 31 2
909.2101832325 3 29 0 6 27 1 9 26 2
909.944661445 1 29 0 3 19 1 6 27 2
910.5128488625 8 26 0 6 28 1 3 31 2
912.794623805 13 23 0 6 26 1 0 30 2
913.5170311525 6 27 0 11 22 1 15 17 2
913.864887615 3 16 0 4 21 1 6 28 2
914.3857177175 15 29 0 14 27 1 14 26 2
914.3920175075 10 27 0 11 26 1 14 29 2
914.5213472475 1 21 0 5 20 1 6 20 2
915.6170920425 7 21 0 11 18 1 14 30 2
917.17386432 11 22 0 13 24 1 15 27 2
917.4816959675 12 16 0 12 23 1 12 31 2
918.20582096 2 20 0 1 19 1 0 17 2
918.7637982525 5 30 0 5 28 1 4 26 2
918.999620725 2 17 0 3 19 1 4 23 2
919.6429919825 3 25 0 6 21 1 9 19 2
919.8642812375 7 30 0 5 30 1 4 31 2
920.45571418 2 31 0 4 26 1 6 22 2
920.518035445 12 16 0 12 17 1 11 17 2
920.9338915725 9 27 0 11 25 1 12 23 2
921.7223442875 3 16 0 7 17 1 10 20 2
921.888993825 6 20 0 9 20 1 12 21 2
921.9350676875 4 27 0 2 29 1 1 31 2
922.113951085 5 20 0 6 20 1 8 20 2
922.2663491275 9 23 0 9 23 1 9 23 2
922.7436190425 6 26 0 5 27 1 5 27 2
922.879771725 8 22 0 9 25 1 11 28 2
923.0040704125 1 24 0 7 21 1 13 19 2
923.7011926025 2 23 0 4 26 1 4 28 2
923.8443553225 10 25 0 9 20 1 7 16 2
923.8472473275 14 17 0 11 16 1 7 16 2
924.53317682 4 29 0 4 26 1 4 23 2
926.698787035 4 28 0 5 27 1 7 26 2
927.8821615725 13 28 0 8 26 1 3 24 2
928.881904425 13 21 0 10 22 1 6 23 2
930.8422328175 1 21 0 5 19 1 8 17 2
931.130894855 10 31 0 8 30 1 6 28 2
931.2331460275 3 25 0 3 26 1 4 28 2
932.0750651775 8 29 0 11 29 1 13 29 2
933.1946996025 12 30 0 14 28 1 15 27 2
933.44427273 11 19 0 12 17 1 12 16 2
933.6042941625 11 21 0 9 25 1 8 28 2
935.133971345 8 25 0 7 24 1 7 24 2
935.25090706 5 18 0 5 19 1 7 22 2
935.95813594 10 20 0 10 25 1 10 30 2
936.3847215825 15 30 0 14 31 1 13 31 2
936.694739915 14 31 0 14 25 1 15 20 2
936.864458665 13 22 0 11 21 1 8 21 2
937.4009130775 15 19 0 12 21 1 9 24 2
939.124210225 7 28 0 5 29 1 2 29 2
939.7616852025 8 24 0 11 21 1 13 19 2
941.5110426525 11 30 0 7 28 1 2 26 2
942.28308054 7 16 0 10 17 1 13 19 2
942.75412838 7 23 0 9 28 1 9 31 2
943.435636965 13 22 0 13 25 1 14 29 2
945.1923725275 13 30 0 11 29 1 9 28 2
945.472038545 11 22 0 3 21 1 8 22 2
945.9693214725 4 21 0 5 22 1 6 24 2
946.0994966575 11 20 0 9 21 1 7 23 2
946.6753447825 13 30 0 12 30 1 11 31 2
948.5208208325 1 26 0 3 22 1 4 19 2
949.2716388575 7 25 0 8 26 1 8 26 2
950.8669051575 10 17 0 7 17 1 4 17 2
951.1246829925 6 24 0 6 24 1 6 24 2
951.6205485825 14 18 0 13 21 1 12 24 2
952.188230135 8 27 0 7 28 1 5 29 2
952.9543397775 9 16 0 12 16 1 15 16 2
953.545625455 12 21 0 6 20 1 1 22 2
953.6349430025 8 28 0 7 25 1 7 22 2
953.67729088 13 29 0 13 29 1 14 29 2
953.807036305 9 25 0 6 25 1 2 26 2
954.175332815 3 29 0 3 23 1 2 17 2
955.5076485875 4 29 0 5 28 1 7 27 2
955.77093586 3 22 0 2 24 1 0 27 2
955.8097489525 13 19 0 14 27 1 15 28 2
956.139041515 10 24 0 9 23 1 7 22 2
956.8276055025 9 29 0 10 27 1 11 26 2
956.8645107775 12 26 0 8 28 1 3 30 2
956.9509469475 11 27 0 12 25 1 15 31 2
957.4286573725 11 20 0 12 17 1 12 16 2
957.6098285475 15 16 0 13 18 1 12 20 2
958.01189529 12 20 0 8 23 1 4 27 2
958.313232585 1 8 0 6 23 1 12 21 2
959.5478424275 3 26 0 5 26 1 8 27 2
959.57154339 6 29 0 4 28 1 1 27 2
960.72028585 11 28 0 9 28 1 8 29 2
960.837196215 5 16 0 5 16 1 4 16 2
961.255433835 5 28 0 5 29 1 4 30 2
961.6782367725 7 16 0 8 19 1 10 21 2
961.8068058275 13 27 0 13 28 1 13 29 2
962.451434905 12 21 0 13 20 1 15 19 2
962.5522489675 6 25 0 8 22 1 11 19 2
962.976689275 8 25 0 6 22 1 4 20 2
963.713589495 6 26 0 7 28 1 7 30 2
964.851071195 1 24 0 3 22 1 4 21 2
965.6164354675 5 21 0 7 20 1 8 20 2
965.7511466975 5 28 0 7 29 1 10 31 2
966.991983365 9 17 0 12 20 1 15 23 2
967.10804368 4 29 0 6 29 1 8 30 2
967.2422262325 3 20 0 6 21 1 9 21 2
967.6921690125 13 20 0 14 25 1 15 31 2
968.5937498925 8 23 0 11 23 1 14 24 2
969.5007180925 15 27 0 15 29 1 15 30 2
969.5299669025 14 17 0 8 20 1 3 24 2
970.3237879 8 27 0 5 20 1 1 29 2
970.5635302 3 18 0 2 17 1 0 17 2
970.7422729725 8 19 0 9 23 1 11 28 2
971.1647736475 1 20 0 2 19 1 2 19 2
973.0762075925 15 21 0 10 23 1 5 22 2
973.23227692 7 17 0 5 20 1 5 24 2
973.93314916 13 20 0 13 21 1 13 23 2
974.28644824 15 20 0 12 21 1 8 24 2
976.3069769875 6 20 0 8 19 1 9 19 2
977.22464593 9 26 0 8 27 1 7 29 2
977.56207591 8 22 0 8 19 1 9 17 2
977.9130287175 4 21 0 4 23 1 4 26 2
979.36316971 4 21 0 3 20 1 1 20 2
980.45023732 4 16 0 4 17 1 5 19 2
981.1210051475 6 30 0 6 29 1 5 28 2
981.542783165 14 21 0 14 24 1 14 27 2
982.003665015 15 20 0 15 21 1 14 23 2
982.0157459325 2 29 0 5 27 1 8 24 2
982.395911965 15 18 0 15 23 1 14 29 2
982.990227665 3 16 0 3 18 1 4 21 2
983.21619544 9 19 0 9 18 1 8 18 2
983.463962815 11 20 0 13 20 1 15 20 2
983.9884861725 2 28 0 4 28 1 6 27 2
984.3043412625 10 26 0 10 28 1 10 31 2
985.14024161 3 17 0 7 16 1 12 16 2
985.6288266675 5 28 0 3 29 1 3 31 2
986.29783016 3 28 0 2 31 1 1 17 2
986.342748675 11 20 0 6 23 1 1 26 2
987.0770561175 14 19 0 10 20 1 6 22 2
987.09526515 9 23 0 10 20 1 11 18 2
987.46824593 2 22 0 2 25 1 2 27 2
988.7918240725 1 19 0 7 24 1 11 31 2
988.9771441425 7 21 0 6 22 1 6 23 2
989.35098784 7 19 0 5 18 1 2 17 2
989.36135485 13 26 0 14 24 1 15 22 2
990.841298665 13 27 0 9 26 1 5 26 2
990.8901008475 11 26 0 9 28 1 7 30 2
990.94014124 3 22 0 1 21 1 0 21 2
991.350680465 5 24 0 5 23 1 5 22 2
991.37935731 9 20 0 11 23 1 13 27 2
991.504834465 9 19 0 7 21 1 10 24 2
992.1727559 12 25 0 13 26 1 13 27 2
993.0622181725 13 23 0 8 19 1 3 16 2
993.1703517275 6 22 0 4 24 1 2 27 2
993.1761314625 11 22 0 11 20 1 11 18 2
993.53543164 15 25 0 14 27 1 13 30 2
993.612174865 6 17 0 6 16 1 6 16 2
993.821659365 3 19 0 5 27 1 6 30 2
993.86135069 7 19 0 7 20 1 6 22 2
994.82214153 10 21 0 10 25 1 11 29 2
994.903945165 14 16 0 9 21 1 4 27 2
995.3845693225 7 17 0 8 19 1 9 22 2
995.9388002975 8 22 0 8 24 1 11 28 2
997.0937052925 8 16 0 9 16 1 10 16 2
997.1323119375 5 25 0 4 23 1 4 24 2
997.4934986725 9 28 0 10 16 1 0 20 2
998.5196559275 5 25 0 3 22 1 1 20 2
998.9400031125 15 21 0 15 20 1 15 18 2
999.4699324075 13 19 0 9 23 1 5 27 2
999.6048163525 4 24 0 4 23 1 5 22 2
999.9801323 10 30 0 9 29 1 7 28 2
1001.5930690775 7 20 0 6 18 1 6 17 2
1002.4613449475 1 21 0 7 25 1 12 30 2
1002.887930715 7 17 0 8 17 1 9 17 2
1003.2286952225 11 30 0 11 30 1 11 29 2
1003.490597715 4 21 0 7 20 1 10 22 2
1004.9911916275 8 19 0 8 17 1 9 16 2
1005.1132045725 1 28 0 8 29 1 15 30 2
1005.392855165 13 17 0 10 24 1 11 29 2
1005.544079875 11 23 0 11 25 1 11 28 2
1006.4786684575 5 26 0 5 24 1 4 23 2
1006.83178284 8 25 0 3 23 1 1 21 2
1007.0864720425 12 28 0 7 26 1 4 24 2
1008.6275857675 8 25 0 9 27 1 10 28 2
1009.4350468325 4 16 0 4 16 1 3 16 2
1009.5512772325 14 19 0 14 24 1 14 19 2
1010.2372214425 10 28 0 4 25 1 15 23 2
1010.3544252725 4 21 0 5 20 1 5 20 2
1010.5743283725 7 16 0 8 21 1 8 27 2
1011.1098769025 8 24 0 4 26 1 4 28 2
1011.1386293725 2 24 0 6 25 1 14 27 2
1011.6072268825 4 27 0 10 28 1 15 29 2
1011.687912875 11 26 0 13 28 1 14 31 2
1011.77514069 15 30 0 15 29 1 15 23 2
1011.9330056375 9 31 0 11 31 1 13 30 2
1012.5897867125 2 17 0 6 16 1 5 16 2
1013.1811427175 7 17 0 7 17 1 8 18 2
1013.3741055525 11 25 0 9 24 1 5 26 2
1013.48709754 5 17 0 7 19 1 9 22 2
1013.502445025 14 16 0 11 21 1 8 26 2
1014.672174605 13 20 0 10 17 1 7 16 2
1016.1298542675 13 31 0 9 31 1 6 29 2
1016.624625915 11 20 0 8 18 1 5 17 2
1016.8283293 4 23 0 8 26 1 13 29 2
1017.3871664 6 27 0 3 27 1 1 27 2
1018.109782905 15 19 0 15 17 1 15 16 2
1018.3082956675 10 22 0 9 22 1 8 22 2
1018.94603603 12 23 0 10 23 1 9 24 2
1019.36032275 6 21 0 8 21 1 10 21 2
1020.5390959225 4 21 0 3 21 1 0 19 2
1020.7933004225 10 21 0 6 18 1 4 16 2
1020.8017944075 9 20 0 8 18 1 7 18 2
1020.80991117 15 31 0 10 24 1 5 17 2
1020.81066543 10 17 0 9 17 1 8 18 2
1021.2104571925 13 16 0 9 22 1 10 17 2
1022.62302029 10 29 0 5 24 1 0 19 2
1022.99956587 9 23 0 7 22 1 6 23 2
1023.181727025 6 26 0 4 25 1 3 24 2
1025.53195637 8 30 0 11 28 1 14 26 2
1025.7562249 4 27 0 6 29 1 8 31 2
1025.82659969 4 24 0 8 23 1 12 22 2
1026.222989615 4 24 0 9 24 1 14 24 2
1026.44795763 9 26 0 10 27 1 11 28 2
1027.4565667675 4 28 0 4 26 1 3 24 2
1028.0119372325 8 30 0 10 26 1 12 22 2
1028.6971386025 14 18 0 14 21 1 15 24 2
1028.697693125 4 25 0 8 26 1 15 23 2
1029.2961351075 12 24 0 12 22 1 12 20 2
1029.655272415 6 16 0 10 21 1 14 27 2
1030.1226298525 13 27 0 11 28 1 9 30 2
1030.7291527275 1 22 0 2 23 1 4 11 2
1031.268233315 5 30 0 8 31 1 11 31 2
1031.2983930175 6 31 0 11 25 1 15 20 2
1031.8603728125 13 25 0 12 23 1 11 21 2
1031.8753657075 2 31 0 4 27 1 6 24 2
1031.969174515 1 16 0 3 17 1 4 18 2
1033.273323335 9 27 0 7 22 1 6 17 2
1034.04403139 8 17 0 10 17 1 13 18 2
1034.172639825 9 17 0 9 16 1 7 18 2
1035.6625797175 10 23 0 9 25 1 8 28 2
1035.835820855 12 27 0 11 28 1 10 31 2
1036.3790575575 8 25 0 8 23 1 8 22 2
1036.389553785 11 21 0 5 23 1 0 26 2
1037.0830923275 2 29 0 8 29 1 13 27 2
1037.5253132825 6 24 0 10 25 1 15 26 2
1038.0508867025 5 29 0 5 29 1 4 28 2
1038.60150023 5 25 0 10 24 1 14 23 2
1038.6434974425 7 23 0 7 25 1 7 28 2
1038.86747853 8 22 0 10 21 1 11 20 2
1039.6966987825 8 30 0 4 29 1 0 29 2
1039.7931916625 9 28 0 11 29 1 12 30 2
1040.62305364 11 30 0 11 29 1 11 28 2
1040.9270698675 3 27 0 4 23 1 6 19 2
1041.8720004425 6 29 0 6 29 1 6 30 2
1044.33737089 6 17 0 8 18 1 10 20 2
1045.01934297 4 20 0 4 22 1 5 24 2
1045.637284255 15 18 0 10 20 1 5 22 2
1046.48648669 7 29 0 4 30 1 0 30 2
1046.725044335 8 25 0 8 21 1 8 18 2
1048.84902446 14 31 0 15 31 1 15 30 2
1049.1809594475 5 25 0 8 24 1 11 23 2
1049.53702987 5 24 0 6 23 1 8 23 2
1049.6925211675 12 26 0 9 24 1 9 23 2
1049.797911205 2 22 0 2 24 1 2 26 2
1050.0020984 7 25 0 6 23 1 5 22 2
1050.15672451 4 19 0 3 19 1 2 21 2
1050.22170172 6 29 0 4 22 1 3 19 2
1050.6768133 6 21 0 5 16 1 4 17 2
1051.90675989 3 21 0 3 20 1 4 20 2
1052.577050685 1 29 0 3 26 1 4 27 2
1052.6021644975 12 31 0 13 28 1 15 24 2
1052.778795645 8 19 0 10 19 1 12 18 2
1054.30372984 4 24 0 3 24 1 3 24 2
1054.4304429575 3 17 0 11 17 1 5 19 2
1054.7901463725 4 18 0 4 21 1 3 26 2
1054.83223315 6 26 0 8 22 1 9 19 2
1054.9619063225 13 28 0 13 29 1 12 31 2
1056.050391835 14 25 0 14 24 1 14 23 2
1056.685242115 12 25 0 13 23 1 15 21 2
1057.1085733 6 27 0 5 25 1 4 21 2
1057.1929826975 10 26 0 13 23 1 15 21 2
1057.8447115725 12 21 0 9 19 1 7 17 2
1058.1557281475 2 17 0 4 17 1 6 17 2
1058.6313739875 5 22 0 4 25 1 4 28 2
1058.6608620475 13 26 0 10 26 1 8 26 2
1058.7209700275 15 16 0 14 19 1 13 23 2
1058.8178088625 7 21 0 10 20 1 13 18 2
1059.447646305 15 27 0 13 24 1 10 18 2
1059.7036457475 11 22 0 11 22 1 12 24 2
1059.9389148125 6 27 0 10 25 1 14 24 2
1060.053776855 5 26 0 7 24 1 9 21 2
1060.2186002225 3 21 0 3 24 1 3 27 2
1063.3203687725 2 16 0 4 19 1 6 24 2
1063.4448899325 7 30 0 5 27 1 4 24 2
1063.929712035 5 21 0 5 19 1 5 18 2
1064.092115225 8 19 0 5 20 1 2 22 2
1064.155377035 7 28 0 9 28 1 11 28 2
1064.8448335275 9 25 0 7 26 1 5 27 2
1065.4214225925 8 22 0 8 26 1 8 30 2
1066.446956905 10 29 0 7 29 1 3 29 2
1066.5140436175 14 20 0 14 23 1 14 26 2
1067.108393195 1 16 0 6 22 1 11 27 2
1067.11767322 8 21 0 9 24 1 9 27 2
1067.32845071 9 17 0 8 16 1 7 16 2
1068.03221953 9 29 0 5 23 1 0 17 2
1071.1700133975 4 28 0 5 25 1 7 22 2
1071.76194665 15 19 0 7 21 1 9 24 2
1072.6499785325 1 23 0 2 21 1 4 19 2
1073.3812221025 13 26 0 7 28 1 1 29 2
1073.654903055 4 25 0 3 22 1 3 21 2
1075.37631096 8 16 0 5 18 1 1 21 2
1076.2867621675 12 28 0 10 24 1 9 20 2
1076.7381333025 6 27 0 4 27 1 3 28 2
1077.1280977175 11 27 0 11 24 1 10 22 2
1077.53075217 6 22 0 3 25 1 0 29 2
1077.9012564675 11 21 0 7 18 1 3 16 2
1078.12788737 15 17 0 15 16 1 15 16 2
1079.264280935 9 22 0 9 21 1 10 21 2
1079.3107670975 2 26 0 2 28 1 1 30 2
1079.490931795 11 22 0 6 22 1 1 23 2
1079.9032821425 12 24 0 13 24 1 14 24 2
1080.04629453 8 25 0 5 27 1 5 29 2
1080.16664583 10 26 0 11 24 1 12 23 2
1080.3954905325 7 17 0 6 17 1 5 18 2
1080.4671108425 8 19 0 4 20 1 11 22 2
1080.805218025 10 20 0 13 20 1 8 21 2
1081.0576442425 7 31 0 12 26 1 15 27 2
1083.13005619 7 20 0 5 19 1 3 19 2
1083.305531975 5 30 0 7 29 1 8 29 2
1083.6673308325 4 31 0 5 31 1 5 31 2
1084.3666247325 5 21 0 6 18 1 7 16 2
1084.4333759025 1 18 0 0 18 1 0 17 2
1085.7321061 9 26 0 10 27 1 10 28 2
1086.0088881 5 24 0 3 26 1 1 29 2
1086.1979072325 11 30 0 8 28 1 6 27 2
1086.236823115 12 28 0 13 27 1 14 27 2
1087.94386615 2 23 0 2 26 1 2 30 2
1089.4762029 14 29 0 10 28 1 6 27 2
1089.81189914 11 18 0 11 19 1 10 20 2
1090.364794745 11 18 0 12 19 1 13 21 2
1090.7629395175 10 20 0 11 23 1 12 20 2
1091.810781525 9 30 0 10 27 1 12 24 2
1092.46954627 12 31 0 14 29 1 15 26 2
1092.591237775 6 23 0 7 19 1 8 16 2
1093.48404374 4 19 0 3 20 1 2 22 2
1095.8578186775 7 18 0 9 21 1 11 24 2
1096.0606228825 4 26 0 4 28 1 4 30 2
1096.3956814 9 18 0 10 18 1 11 19 2
1097.0607715775 9 22 0 9 18 1 12 18 2
1097.394833865 7 17 0 7 20 1 6 24 2
1098.5859511825 2 27 0 1 23 1 1 21 2
1098.806752145 6 20 0 5 20 1 4 19 2
1099.20904247 5 25 0 6 20 1 7 16 2
1099.413008475 4 25 0 5 27 1 7 28 2
1101.1327582875 6 17 0 10 19 1 14 21 2
1102.121147145 9 27 0 8 25 1 7 23 2
1104.18102334 5 24 0 4 25 1 2 27 2
1104.55831333 10 23 0 12 22 1 14 20 2
1105.375385185 2 19 0 4 18 1 3 16 2
1105.777442545 2 26 0 5 25 1 9 24 2
1105.8998451425 13 19 0 9 21 1 5 24 2
1106.39897229 10 17 0 6 17 1 3 17 2
1107.343594135 9 25 0 5 22 1 1 19 2
1107.3686451875 7 28 0 7 25 1 8 22 2
1109.7763038075 6 31 0 7 30 1 6 29 2
1110.098378725 9 21 0 8 20 1 8 20 2
1110.23360422 13 31 0 7 31 1 0 31 2
1110.3474751475 6 25 0 7 22 1 8 20 2
1110.605748025 12 22 0 9 23 1 8 24 2
1110.68589928 6 30 0 5 28 1 3 26 2
1111.669302165 9 17 0 10 21 1 11 24 2
1111.949287315 8 21 0 2 25 1 9 20 2
1112.20561612 12 24 0 11 21 1 10 18 2
1112.4070519475 6 21 0 5 24 1 4 27 2
1113.0105235225 10 26 0 9 24 1 8 23 2
1113.2355022225 15 17 0 12 16 1 9 16 2
1113.3627025925 6 18 0 6 23 1 7 28 2
1113.76952895 3 22 0 5 19 1 8 16 2
1114.2286079225 5 26 0 8 22 1 10 17 2
1115.1256326225 7 18 0 4 19 1 2 20 2
1115.48288233 7 22 0 9 21 1 11 20 2
1116.354883685 6 22 0 7 23 1 9 24 2
1116.76880627 13 30 0 13 31 1 13 31 2
1117.33204233 9 22 0 8 22 1 8 22 2
1117.345727685 11 20 0 9 17 1 6 16 2
1118.6950779425 1 29 0 2 30 1 3 31 2
1118.71916659 15 21 0 12 22 1 9 24 2
1118.974028445 6 22 0 8 23 1 10 26 2
1119.20338522 11 26 0 10 22 1 10 19 2
1119.3737985425 15 17 0 11 17 1 6 19 2
1119.5845691025 11 28 0 9 22 1 7 17 2
1121.4605780475 15 25 0 14 20 1 12 19 2
1121.7026675725 13 31 0 10 30 1 7 30 2
1121.85704485 5 18 0 2 17 1 0 17 2
1122.51656507 5 31 0 6 30 1 7 27 2
1122.630369155 11 28 0 11 28 1 11 28 2
1122.6367416325 9 25 0 10 28 1 11 31 2
1122.6530834975 3 25 0 8 24 1 12 23 2
1122.92125253 8 17 0 8 20 1 9 24 2
1123.28683624 12 30 0 13 30 1 13 30 2
1123.307638605 5 28 0 4 24 1 3 19 2
1123.5439387025 6 30 0 9 28 1 13 26 2
1124.000431925 3 31 0 6 30 1 8 29 2
1125.19916843 8 26 0 6 26 1 5 24 2
1125.7210050425 13 19 0 10 24 1 6 30 2
1125.8722631575 10 20 0 10 19 1 10 18 2
1126.6791130175 8 21 0 8 19 1 9 17 2
1127.0520215825 6 25 0 10 26 1 14 28 2
1128.2934132525 11 27 0 9 27 1 7 27 2
1128.3556774475 7 19 0 2 17 1 11 16 2
1128.7337575725 8 18 0 5 18 1 1 19 2
1129.4756081825 9 19 0 12 19 1 15 20 2
1129.5627633625 7 26 0 8 21 1 8 17 2
1131.4287456925 12 27 0 10 28 1 9 29 2
1131.61894418 7 21 0 8 20 1 9 20 2
1131.95042439 14 31 0 11 31 1 8 31 2
1132.0180151525 8 30 0 6 29 1 5 31 2
1132.1079484775 15 31 0 15 29 1 14 27 2
1132.28192673 9 26 0 9 24 1 8 23 2
1132.7114612775 12 30 0 11 25 1 10 21 2
1132.88029706 12 26 0 9 25 1 6 24 2
1133.22112391 9 23 0 7 22 1 9 19 2
1133.251402295 12 24 0 10 23 1 6 23 2
1134.1359219575 3 28 0 5 27 1 6 27 2
1135.66078219 15 16 0 14 18 1 13 20 2
1136.8505518075 8 17 0 8 19 1 7 22 2
1136.8593202375 7 23 0 9 22 1 12 21 2
1137.70415739 11 31 0 12 29 1 13 27 2
1137.9945668925 8 23 0 7 23 1 6 17 2
1138.3761744125 11 21 0 13 21 1 14 22 2
1138.5162157325 3 23 0 11 22 1 7 22 2
1139.3713439025 3 19 0 4 21 1 4 26 2
1140.1063443375 8 21 0 10 20 1 11 19 2
1140.5633863325 12 24 0 13 23 1 15 22 2
1140.6178158325 9 24 0 8 25 1 8 26 2
1141.186040705 5 25 0 8 26 1 10 28 2
1141.228732525 3 30 0 5 27 1 7 24 2
1141.810202125 15 25 0 10 23 1 6 21 2
1141.9940011 4 25 0 4 24 1 3 24 2
1142.6031039775 6 28 0 5 23 1 4 19 2
1142.6201914475 13 30 0 10 23 1 10 18 2
1142.6288827675 8 24 0 7 24 1 7 23 2
1143.3075812675 1 20 0 2 20 1 2 20 2
1144.4382886775 14 29 0 10 25 1 5 20 2
1144.7054317325 2 31 0 7 28 1 11 26 2
1145.036546685 7 24 0 3 19 1 0 19 2
1145.0558524925 1 23 0 4 26 1 6 30 2
1145.36699801 11 24 0 8 21 1 3 28 2
1146.30945797 10 19 0 9 21 1 8 23 2
1146.9537059625 10 20 0 9 24 1 9 28 2
1149.385808655 11 28 0 7 28 1 4 29 2
1149.827213775 1 25 0 2 23 1 2 21 2
1150.1886292725 7 19 0 5 20 1 3 23 2
1150.51771444 14 24 0 12 22 1 10 22 2
1150.77652903 9 16 0 10 16 1 11 18 2
1150.9337812925 4 19 0 8 23 1 12 28 2
1153.1825348475 3 22 0 2 26 1 2 31 2
1154.487908275 7 27 0 10 31 1 13 26 2
1154.554623015 5 22 0 13 26 1 14 27 2
1156.75409908 2 19 0 3 25 1 3 31 2
1156.931133665 4 25 0 7 25 1 10 24 2
1157.2992106175 5 18 0 4 18 1 2 18 2
1158.1412348675 5 28 0 5 24 1 5 20 2
1159.5536053525 11 17 0 13 18 1 15 20 2
1159.986929095 5 19 0 4 22 1 3 26 2
1160.0365796675 11 26 0 13 26 1 0 17 2
1160.063636035 12 21 0 12 21 1 12 22 2
1160.59429904 6 31 0 9 29 1 12 26 2
1161.4072078275 6 16 0 7 17 1 8 19 2
1162.5116887875 15 24 0 11 20 1 5 17 2
1163.2213709225 1 29 0 4 7 1 8 27 2
1164.466995535 13 31 0 11 26 1 9 23 2
1164.7383439825 4 30 0 5 30 1 6 31 2
1167.10214577 13 27 0 12 26 1 4 12 2
1167.1688532925 15 30 0 14 27 1 13 24 2
1168.1020815325 10 20 0 11 20 1 12 21 2
1168.7145728225 9 17 0 10 21 1 11 24 2
1168.8982185225 3 26 0 3 26 1 4 27 2
1169.0653109675 11 19 0 9 23 1 7 29 2
1171.2900326475 8 18 0 8 19 1 7 21 2
1171.534554395 1 30 0 2 25 1 3 21 2
1171.5860877375 1 21 0 1 20 1 1 19 2
1171.9158735325 1 31 0 3 31 1 5 31 2
1172.448510905 10 27 0 6 28 1 3 29 2
1172.529836335 14 17 0 14 16 1 15 16 2
1172.91572153 12 24 0 13 23 1 14 23 2
1173.5331685975 15 26 0 12 29 1 10 31 2
1175.588829225 14 19 0 14 18 1 13 18 2
1176.51467671 3 17 0 8 18 1 14 19 2
1177.28600591 7 19 0 6 21 1 6 24 2
1177.9677105175 2 28 0 13 28 1 7 29 2
1178.8709226625 9 16 0 7 16 1 5 16 2
1180.122773935 6 21 0 10 25 1 15 29 2
1180.3450470275 5 19 0 6 20 1 7 21 2
1180.5155507625 15 29 0 10 30 1 6 31 2
1180.6087996325 7 23 0 8 23 1 9 23 2
1181.19405256 8 17 0 9 16 1 12 30 2
1182.00235657 13 24 0 11 25 1 8 26 2
1182.59502814 10 28 0 12 26 1 15 24 2
1183.5792979925 8 20 0 7 20 1 7 20 2
1183.8292507725 8 24 0 5 22 1 1 21 2
1184.7124025825 13 30 0 11 26 1 9 23 2
1187.4390461025 12 31 0 13 17 1 14 19 2
1187.8658866275 10 26 0 9 23 1 8 21 2
1188.120562725 14 24 0 13 24 1 11 26 2
1190.164824935 7 16 0 5 19 1 3 22 2
1190.35190165 8 23 0 9 17 1 11 23 2
1190.8502990075 3 17 0 2 17 1 0 18 2
1190.9548497875 1 26 0 1 20 1 1 16 2
1191.4538817275 10 31 0 10 31 1 9 30 2
1191.5783496475 3 24 0 5 25 1 6 27 2
1191.661367325 6 21 0 9 21 1 11 21 2
1192.16343725 11 18 0 8 20 1 5 24 2
1192.21751749 6 31 0 8 24 1 10 18 2
1192.968220675 9 22 0 10 21 1 11 20 2
1193.53921634 2 24 0 8 21 1 14 19 2
1193.8151486875 11 16 0 10 21 1 8 26 2
1193.890658615 8 18 0 4 19 1 0 20 2
1194.097084095 9 18 0 5 17 1 0 16 2
1195.3759536075 1 16 0 1 17 1 0 19 2
1195.4790059275 3 21 0 15 19 1 12 17 2
1196.4107793825 3 26 0 4 27 1 10 23 2
1196.5461758125 15 26 0 14 21 1 13 16 2
1196.63936869 11 31 0 14 29 1 14 28 2
1196.70668989 10 19 0 8 17 1 5 17 2
1196.811053235 8 24 0 4 21 1 0 19 2
1196.9807966725 7 24 0 7 22 1 7 20 2
1197.2310667225 11 17 0 7 19 1 3 22 2
1197.472221885 9 20 0 7 19 1 5 19 2
1197.527134275 8 29 0 11 23 1 14 18 2
1197.67005395 5 22 0 4 24 1 3 27 2
1197.6949860525 1 29 0 3 26 1 4 22 2
1197.74176346 1 18 0 1 20 1 1 16 2
1198.36941901 7 22 0 15 16 1 13 26 2
1198.762849125 3 31 0 4 26 1 6 21 2
1199.2581457175 5 21 0 6 20 1 7 20 2
1199.841325515 7 24 0 4 25 1 0 26 2
1201.06215461 15 23 0 13 20 1 11 18 2
1201.450045765 5 30 0 4 29 1 2 27 2
1202.492057175 12 19 0 7 24 1 5 21 2
1202.887085695 8 26 0 7 23 1 7 21 2
1203.07549133 14 23 0 14 23 1 14 24 2
1203.15618812 4 19 0 4 23 1 14 27 2
1204.577559215 11 30 0 11 28 1 12 27 2
1204.6781102225 7 28 0 9 27 1 12 27 2
1205.5648188775 14 23 0 10 20 1 6 18 2
1205.8785203875 8 20 0 5 23 1 2 26 2
1206.3524576675 9 22 0 8 22 1 8 24 2
1207.2059772725 5 31 0 7 31 1 9 31 2
1208.38087141 9 16 0 9 17 1 9 18 2
1209.08609031 9 16 0 13 17 1 15 21 2
1209.1300480525 9 26 0 7 25 1 5 24 2
1209.3385183125 6 31 0 4 30 1 1 30 2
1209.487371505 14 28 0 14 27 1 13 26 2
1211.1888443275 8 23 0 6 22 1 5 22 2
1211.415136995 12 31 0 8 30 1 4 28 2
1211.725298115 14 21 0 11 21 1 9 21 2
1211.92369541 3 16 0 3 16 1 3 16 2
1211.932375095 6 24 0 3 27 1 0 31 2
1212.1051366625 4 21 0 2 23 1 1 24 2
1212.6847709375 7 30 0 5 29 1 3 27 2
1212.8665411575 7 17 0 6 23 1 6 29 2
1213.113413545 8 20 0 11 20 1 14 21 2
1213.5210812075 4 22 0 6 26 1 7 30 2
1213.6017873625 10 19 0 9 18 1 9 18 2
1213.7559197875 6 25 0 6 22 1 7 19 2
1213.835273555 11 31 0 10 29 1 9 28 2
1214.065779795 6 26 0 9 28 1 12 30 2
1214.8937245775 5 24 0 9 20 1 12 19 2
1215.428301625 12 16 0 2 19 1 11 19 2
1216.7810675675 2 25 0 2 20 1 2 24 2
1217.3191720875 2 21 0 1 22 1 1 23 2
1217.59781783 7 16 0 8 20 1 9 24 2
1218.605979035 2 28 0 4 26 1 5 24 2
1218.8367213725 11 27 0 14 23 1 9 20 2
1220.1606751175 9 27 0 5 26 1 1 26 2
1221.7317246225 13 28 0 9 28 1 5 29 2
1222.7448349775 11 23 0 6 21 1 2 19 2
1222.937171095 5 25 0 3 26 1 0 27 2
1223.46421269 5 30 0 9 27 1 13 24 2
1223.535576375 14 16 0 13 17 1 11 18 2
1224.1245389225 6 26 0 10 27 1 13 29 2
1224.4540528625 9 22 0 10 22 1 10 22 2
1225.6072746625 1 17 0 2 20 1 4 23 2
1225.857484375 11 21 0 11 18 1 11 16 2
1226.0158662675 1 19 0 6 22 1 11 24 2
1226.5695124 2 27 0 5 25 1 8 24 2
1226.9271318075 4 27 0 4 25 1 3 24 2
1227.5486333775 11 24 0 12 25 1 13 27 2
1228.65405475 13 31 0 12 30 1 11 29 2
1230.01153616 8 27 0 4 6 1 1 23 2
1231.68155907 12 18 0 12 18 1 11 18 2
1232.0751116525 14 26 0 12 27 1 11 29 2
1232.2096655375 4 19 0 7 21 1 10 23 2
1233.081883455 11 27 0 12 29 1 12 30 2
1233.5659150825 2 23 0 7 21 1 11 21 2
1234.10104694 15 16 0 13 16 1 11 27 2
1234.608630055 6 22 0 3 23 1 0 24 2
1234.6529958675 11 25 0 7 24 1 3 24 2
1235.5767166825 10 23 0 10 24 1 9 26 2
1235.7153735525 3 24 0 5 26 1 6 28 2
1236.860317225 11 18 0 11 22 1 11 27 2
1236.8798441375 6 27 0 8 27 1 10 27 2
1237.035176225 11 18 0 11 25 1 11 23 2
1237.1691776175 15 20 0 14 19 1 13 19 2
1237.3593834825 3 31 0 3 29 1 2 26 2
1237.4927734975 12 25 0 11 27 1 10 30 2
1237.8336963325 12 21 0 14 25 1 15 29 2
1238.4036838875 12 24 0 9 22 1 6 20 2
1240.35343654 13 17 0 10 22 1 7 27 2
1240.64450619 15 25 0 14 27 1 13 29 2
1241.1036210275 5 17 0 5 19 1 3 17 2
1241.3459759825 11 28 0 12 29 1 13 31 2
1241.3731102925 6 27 0 10 24 1 13 21 2
1241.4448166975 10 24 0 11 20 1 12 16 2
1241.7508779525 7 25 0 8 16 1 9 19 2
1241.83873272 4 26 0 2 23 1 0 21 2
1242.6244431725 8 22 0 8 22 1 12 17 2
1243.1237175225 4 20 0 7 17 1 7 19 2
1243.2332358525 3 26 0 8 28 1 13 31 2
1243.36155136 2 25 0 4 20 1 7 17 2
1243.8727703375 3 28 0 4 29 1 6 31 2
1244.9245564575 13 19 0 9 24 1 6 29 2
1245.2412798275 14 17 0 13 20 1 13 24 2
1246.622941065 4 27 0 7 26 1 10 26 2
1246.6760606175 5 25 0 8 24 1 11 23 2
1246.7491568775 1 16 0 1 17 1 0 18 2
1247.304767395 4 20 0 4 20 1 4 20 2
1247.9830401575 11 17 0 10 17 1 10 18 2
1249.02331923 15 31 0 13 28 1 12 27 2
1249.0944999425 6 24 0 13 20 1 9 22 2
1249.37715254 6 28 0 4 29 1 2 24 2
1249.6697911525 11 23 0 10 23 1 10 23 2
1250.079708535 14 29 0 13 26 1 9 26 2
1250.15700637 12 29 0 14 25 1 15 22 2
1251.03470975 5 16 0 8 16 1 10 17 2
1251.3084833975 5 30 0 3 29 1 2 27 2
1252.043222115 6 23 0 6 26 1 6 28 2
1252.2498977775 11 29 0 11 26 1 12 24 2
1252.70278613 10 27 0 12 24 1 13 21 2
1252.80556197 7 31 0 6 27 1 4 24 2
1253.03753678 6 28 0 4 29 1 2 29 2
1253.23993851 7 23 0 5 26 1 4 30 2
1253.998332255 12 23 0 12 24 1 12 26 2
1254.0589945625 9 22 0 10 22 1 12 22 2
1254.720730005 11 25 0 9 26 1 7 27 2
1254.75761102 1 18 0 3 22 1 6 26 2
1255.62157638 1 17 0 0 20 1 1 24 2
1256.1701856275 4 16 0 6 16 1 7 17 2
1256.5082620625 13 29 0 14 26 1 14 24 2
1256.971842325 4 26 0 6 25 1 7 24 2
1257.3924467425 4 17 0 3 16 1 1 16 2
1257.5367089625 1 19 0 4 20 1 7 22 2
1257.9631713325 5 31 0 8 26 1 11 21 2
1258.12093486 14 31 0 13 30 1 11 29 2
1259.021791675 10 18 0 13 21 1 15 24 2
1260.545321435 9 18 0 6 30 1 3 28 2
1260.8168058175 13 25 0 8 22 1 3 19 2
1260.89527894 15 22 0 15 26 1 14 30 2
1262.40977789 6 21 0 8 19 1 9 18 2
1262.98688137 5 28 0 8 27 1 10 26 2
1263.1808879375 4 20 0 4 19 1 3 18 2
1264.3666891825 3 31 0 2 31 1 1 31 2
1267.51505439 4 29 0 7 29 1 9 29 2
1268.1231132275 7 18 0 11 16 1 12 16 2
1268.567100785 8 17 0 10 16 1 11 17 2
1268.90827602 2 29 0 4 30 1 5 31 2
1269.6118097325 10 30 0 13 25 1 15 20 2
1269.97110674 3 28 0 8 25 1 13 29 2
1270.2881408575 6 29 0 5 27 1 3 26 2
1271.1264910175 7 27 0 7 26 1 6 26 2
1271.9721858675 15 19 0 14 24 1 14 29 2
1272.377177675 15 30 0 13 30 1 10 31 2
1272.937034275 3 29 0 7 29 1 10 30 2
1273.817310075 3 19 0 1 21 1 0 23 2
1274.86256526 6 21 0 11 22 1 15 24 2
1275.260792545 9 19 0 12 21 1 14 22 2
1276.3185603275 15 25 0 11 23 1 7 21 2
1276.3754101825 4 30 0 4 27 1 4 24 2
1276.386402965 1 27 0 0 21 1 3 21 2
1277.2631610925 12 21 0 13 21 1 15 22 2
1277.579813785 5 17 0 5 17 1 5 18 2
1277.7149127675 6 19 0 6 19 1 6 18 2
1278.475168775 9 18 0 9 19 1 8 21 2
1279.154965895 11 23 0 8 22 1 6 21 2
1279.20013463 5 21 0 8 18 1 11 16 2
1279.5930376875 4 22 0 4 22 1 3 22 2
1279.8562287425 5 20 0 4 21 1 0 17 2
1280.1000670375 7 21 0 7 19 1 8 18 2
1281.8598125225 8 17 0 8 19 1 9 22 2
1282.0129380275 7 30 0 4 29 1 2 28 2
1282.2938589425 7 31 0 7 29 1 8 27 2
1283.8654642425 11 25 0 9 22 1 10 19 2
1284.2099090175 5 23 0 7 23 1 9 24 2
1284.33434571 3 24 0 4 25 1 6 27 2
1284.41965049 7 26 0 6 22 1 6 17 2
1284.4321072275 1 20 0 3 26 1 5 29 2
1285.76562274 15 26 0 14 26 1 9 27 2
1285.8110900625 11 21 0 6 19 1 2 17 2
1285.964117515 8 24 0 7 23 1 6 22 2
1287.1289168225 6 22 0 5 25 1 4 29 2
1288.2335215175 5 17 0 3 19 1 1 21 2
1289.650353535 2 29 0 3 24 1 4 21 2
1291.00742041 14 17 0 13 19 1 12 21 2
1291.08432243 1 23 0 2 22 1 1 22 2
1291.134961095 4 25 0 5 24 1 6 24 2
1291.1835047 7 22 0 14 18 1 15 16 2
1291.23604285 5 27 0 4 27 1 4 9 2
1291.2495127875 11 27 0 10 25 1 9 24 2
1291.36380302 12 23 0 11 25 1 10 26 2
1292.883889035 5 24 0 2 20 1 0 17 2
1294.5021271125 5 19 0 8 20 1 14 18 2
1295.5004498425 7 25 0 6 26 1 5 28 2
1296.01635949 1 21 0 2 24 1 4 27 2
1296.0260569975 4 23 0 6 22 1 8 30 2
1296.5156637225 7 27 0 5 22 1 2 18 2
1296.94400398 15 25 0 15 27 1 15 30 2
1297.1333481 15 24 0 14 23 1 13 24 2
1297.26481644 11 27 0 11 23 1 11 20 2
1297.87946293 8 26 0 10 25 1 12 26 2
1298.6754301175 13 20 0 10 21 1 8 21 2
1298.9093709275 15 21 0 14 26 1 15 30 2
1299.39061278 5 20 0 5 20 1 5 20 2
1301.1252465375 15 31 0 12 23 1 9 17 2
1301.41296241 10 26 0 9 26 1 8 26 2
1302.30185129 1 8 0 4 24 1 6 24 2
1302.9924995775 13 21 0 12 22 1 11 24 2
1303.0421979775 2 19 0 1 21 1 0 23 2
1304.5528698575 12 19 0 14 18 1 15 17 2
1304.6987456075 4 20 0 3 24 1 2 27 2
1304.840654805 14 18 0 12 17 1 6 16 2
1305.72265301 6 17 0 4 19 1 9 21 2
1306.8052907525 10 19 0 12 18 1 14 19 2
1307.5783395975 6 26 0 7 29 1 8 31 2
1308.0470775075 3 31 0 6 30 1 9 29 2
1310.90994249 11 24 0 13 20 1 14 16 2
1311.3614865675 11 26 0 11 25 1 10 24 2
1311.7351672925 4 31 0 5 30 1 5 29 2
1313.3232873625 12 27 0 11 29 1 9 30 2
1314.2126297875 6 18 0 6 21 1 6 24 2
1314.5963033025 15 29 0 10 24 1 7 18 2
1314.7846180375 12 29 0 7 24 1 3 20 2
1314.9252771075 1 25 0 6 23 1 10 22 2
1315.0401852025 13 31 0 13 30 1 12 30 2
1315.073140465 8 20 0 10 21 1 11 22 2
1315.520277215 11 22 0 10 19 1 10 18 2
1315.551065835 11 18 0 12 17 1 13 17 2
1315.83000819 15 16 0 13 20 1 14 27 2
