4 20 0 6 21 1 11 22 2
8 20 0 4 24 1 1 28 2
14 24 0 11 20 1 8 18 2
2 25 0 1 22 1 0 19 2
15 21 0 8 22 1 4 21 2
1 30 0 2 27 1 2 28 2
6 27 0 5 25 1 4 24 2
11 16 0 10 19 1 3 24 2
8 24 0 6 18 1 4 18 2
1 22 0 3 24 1 4 27 2
14 23 0 0 17 1 1 23 2
2 23 0 2 19 1 2 16 2
11 23 0 13 27 1 15 31 2
3 24 0 3 24 1 2 24 2
4 27 0 7 27 1 10 28 2
12 22 0 2 21 1 0 20 2
15 19 0 12 27 1 11 24 2
12 16 0 13 25 1 14 20 2
13 18 0 13 21 1 13 24 2
5 22 0 7 20 1 9 18 2
2 25 0 5 24 1 7 26 2
8 28 0 7 27 1 6 26 2
10 24 0 9 22 1 9 28 2
2 17 0 4 20 1 6 24 2
13 16 0 12 16 1 8 21 2
6 27 0 3 16 1 0 22 2
4 20 0 5 20 1 5 16 2
3 27 0 3 28 1 3 29 2
10 24 0 12 29 1 4 16 2
12 28 0 13 21 1 12 17 2
6 18 0 8 22 1 10 27 2
3 16 0 4 16 1 5 18 2
3 23 0 6 24 1 8 24 2
6 24 0 7 25 1 7 27 2
8 29 0 12 28 1 2 28 2
4 21 0 6 16 1 8 18 2
1 23 0 3 19 1 5 16 2
4 24 0 4 25 1 4 26 2
7 17 0 4 19 1 1 22 2
5 17 0 8 23 1 11 30 2
8 22 0 13 19 1 13 20 2
1 25 0 1 20 1 2 17 2
6 24 0 12 22 1 8 26 2
13 16 0 11 17 1 9 18 2
7 27 0 5 26 1 3 26 2
8 24 0 8 22 1 9 19 2
4 21 0 3 19 1 3 17 2
1 23 0 7 22 1 13 21 2
2 27 0 4 29 1 7 31 2
6 20 0 5 24 1 4 28 2
6 30 0 4 26 1 3 24 2
8 24 0 5 27 1 2 29 2
7 16 0 4 16 1 0 17 2
7 22 0 3 23 1 0 24 2
4 18 0 4 30 1 3 23 2
6 24 0 6 24 1 7 24 2
11 20 0 12 21 1 13 31 2
9 20 0 10 29 1 9 29 2
9 29 0 6 28 1 4 27 2
3 28 0 2 25 1 1 23 2
12 30 0 8 26 1 4 24 2
13 20 0 2 18 1 8 16 2
9 22 0 9 19 1 10 18 2
8 29 0 5 25 1 5 21 2
11 24 0 1 24 1 7 28 2
9 23 0 9 22 1 12 30 2
7 20 0 10 21 1 12 22 2
3 25 0 8 29 1 14 23 2
15 17 0 10 17 1 5 29 2
10 30 0 6 25 1 2 21 2
8 21 0 6 20 1 4 19 2
8 19 0 6 17 1 5 16 2
2 17 0 6 16 1 9 16 2
4 24 0 2 25 1 5 27 2
11 26 0 10 27 1 9 28 2
8 20 0 11 21 1 15 22 2
5 19 0 8 16 1 12 19 2
8 25 0 6 20 1 4 17 2
9 25 0 9 24 1 10 23 2
14 29 0 11 30 1 8 31 2
10 26 0 12 25 1 15 24 2
11 27 0 12 22 1 13 18 2
1 20 0 4 24 1 8 28 2
5 21 0 3 19 1 1 17 2
4 18 0 6 22 1 8 24 2
8 20 0 11 22 1 13 24 2
9 22 0 6 21 1 4 20 2
13 20 0 12 18 1 12 17 2
14 19 0 12 17 1 11 16 2
6 25 0 6 27 1 7 30 2
7 22 0 9 24 1 11 27 2
3 17 0 3 16 1 3 21 2
5 22 0 2 30 1 2 31 2
2 21 0 3 19 1 4 18 2
7 17 0 5 21 1 3 22 2
2 30 0 9 28 1 14 31 2
4 19 0 3 16 1 11 26 2
13 21 0 14 21 1 15 21 2
7 22 0 5 30 1 8 27 2
13 21 0 8 23 1 3 26 2
8 21 0 8 24 1 7 28 2
3 22 0 7 16 1 3 29 2
13 16 0 12 18 1 12 21 2
7 20 0 7 20 1 7 21 2
6 28 0 5 28 1 4 29 2
15 18 0 13 18 1 11 17 2
3 29 0 8 16 1 13 16 2
5 25 0 5 25 1 4 22 2
2 23 0 4 22 1 7 21 2
6 21 0 8 19 1 9 17 2
8 21 0 6 22 1 3 24 2
4 19 0 2 19 1 1 20 2
10 23 0 1 22 1 15 24 2
11 17 0 9 20 1 8 24 2
10 26 0 11 28 1 11 30 2
4 23 0 10 25 1 13 30 2
3 24 0 6 25 1 5 26 2
1 20 0 5 27 1 10 26 2
7 28 0 4 30 1 1 31 2
1 25 0 4 23 1 8 22 2
13 28 0 14 29 1 15 29 2
14 18 0 8 20 1 4 16 2
11 30 0 9 28 1 7 19 2
11 29 0 12 29 1 13 29 2
6 26 0 9 22 1 12 18 2
1 16 0 8 19 1 1 23 2
4 27 0 4 28 1 4 29 2
4 27 0 8 28 1 13 29 2
10 22 0 10 20 1 10 19 2
8 21 0 6 19 1 5 17 2
6 22 0 9 20 1 12 19 2
11 20 0 8 17 1 0 16 2
11 30 0 12 28 1 14 26 2
15 19 0 14 20 1 14 22 2
11 30 0 10 30 1 9 30 2
6 21 0 8 23 1 10 26 2
2 27 0 7 23 1 9 19 2
15 28 0 13 26 1 11 24 2
8 23 0 6 22 1 4 22 2
11 17 0 5 17 1 10 17 2
11 25 0 8 21 1 6 18 2
5 29 0 9 28 1 14 27 2
3 22 0 2 26 1 0 29 2
7 28 0 6 27 1 5 27 2
8 21 0 7 24 1 2 24 2
2 22 0 3 24 1 4 27 2
7 23 0 5 17 1 3 21 2
11 17 0 10 16 1 9 16 2
8 19 0 1 20 1 5 22 2
6 19 0 9 21 1 12 24 2
12 27 0 12 27 1 13 28 2
9 26 0 12 22 1 13 24 2
11 17 0 9 26 1 7 31 2
15 19 0 12 20 1 9 16 2
9 28 0 4 29 1 0 30 2
6 30 0 12 23 1 7 16 2
2 29 0 4 23 1 6 17 2
2 28 0 7 24 1 15 20 2
14 30 0 6 30 1 12 27 2
8 16 0 7 17 1 6 19 2
4 19 0 8 16 1 11 23 2
12 19 0 3 17 1 0 17 2
1 24 0 3 20 1 5 16 2
4 30 0 6 30 1 9 30 2
7 16 0 4 19 1 1 24 2
7 17 0 11 17 1 15 17 2
6 16 0 11 20 1 15 24 2
10 26 0 7 23 1 3 21 2
5 22 0 2 17 1 0 20 2
9 23 0 5 25 1 1 28 2
7 19 0 8 19 1 3 19 2
8 22 0 6 22 1 4 23 2
9 19 0 0 19 1 0 20 2
4 22 0 4 22 1 4 17 2
1 27 0 2 26 1 1 29 2
4 24 0 3 23 1 2 22 2
8 17 0 11 23 1 14 29 2
3 16 0 8 16 1 12 17 2
15 22 0 12 20 1 9 21 2
11 25 0 11 27 1 11 30 2
11 26 0 12 23 1 13 19 2
12 21 0 9 20 1 5 20 2
10 16 0 6 20 1 2 23 2
13 29 0 13 28 1 2 27 2
11 30 0 8 28 1 6 27 2
8 21 0 8 23 1 9 18 2
7 16 0 4 20 1 1 24 2
7 21 0 4 26 1 2 16 2
5 21 0 2 21 1 1 21 2
15 28 0 13 29 1 9 30 2
4 26 0 4 26 1 4 28 2
