0.8900351875 4 18 0 7 18 1 11 19 2
1.8901215525 12 20 0 11 19 1 10 17 2
2.8900430975 7 31 0 14 31 1 8 31 2
2.8900951175 2 24 0 6 22 1 9 20 2
6.890006435 4 19 0 3 17 1 2 17 2
6.890063415 7 26 0 7 27 1 8 28 2
6.8900883575 14 22 0 8 22 1 3 23 2
8.8901315275 8 26 0 8 22 1 8 18 2
9.8900408425 8 21 0 3 25 1 0 31 2
9.89004304 13 29 0 11 30 1 8 31 2
9.890127255 4 24 0 2 26 1 0 28 2
10.89008184 15 23 0 15 24 1 14 26 2
12.890018845 11 20 0 6 20 1 0 21 2
13.89008211 13 27 0 13 27 1 13 28 2
16.8900605375 8 18 0 9 20 1 10 22 2
17.8900721425 10 28 0 8 27 1 5 26 2
18.8900297325 10 17 0 6 17 1 0 17 2
18.8900606925 6 18 0 4 23 1 3 28 2
18.890112265 6 30 0 3 28 1 0 27 2
22.8900126625 6 31 0 8 29 1 10 27 2
22.890108825 5 29 0 7 28 1 9 27 2
25.89002758 12 20 0 10 23 1 7 27 2
27.8900624275 1 18 0 8 21 1 11 22 2
27.89006353 1 17 0 3 17 1 5 17 2
28.890106375 12 23 0 8 22 1 5 22 2
29.8900300975 10 19 0 11 19 1 11 20 2
29.890088525 8 26 0 12 24 1 15 22 2
30.8900625125 8 22 0 15 20 1 13 21 2
30.8900802625 1 24 0 5 23 1 10 19 2
33.89004884 11 22 0 9 21 1 7 20 2
33.890089455 14 21 0 11 20 1 7 21 2
34.8900885825 9 28 0 12 25 1 15 22 2
35.8900394575 5 31 0 2 26 1 0 26 2
35.89006502 11 20 0 11 19 1 12 18 2
37.8900211225 9 27 0 7 23 1 5 20 2
40.8900098625 3 30 0 7 25 1 8 23 2
40.8900813 13 19 0 13 19 1 14 20 2
41.8901063925 1 27 0 2 25 1 3 24 2
42.8900186025 11 26 0 12 25 1 13 23 2
43.890027495 7 19 0 9 18 1 11 16 2
43.89009145 15 25 0 10 23 1 4 22 2
44.89007051 14 26 0 14 26 1 15 27 2
45.89003048 4 18 0 5 16 1 5 16 2
46.890018075 2 27 0 4 25 1 6 23 2
46.8900882625 6 31 0 7 31 1 8 30 2
48.8900808375 4 20 0 4 20 1 4 21 2
48.8900978825 12 25 0 11 26 1 9 26 2
49.89005123 7 25 0 7 25 1 4 22 2
52.89012056 11 21 0 11 21 1 7 22 2
53.890075505 3 23 0 3 23 1 2 23 2
53.89011256 4 22 0 4 17 1 2 16 2
54.890128955 12 23 0 12 25 1 12 27 2
57.890044865 5 22 0 9 25 1 14 28 2
57.8900935675 4 28 0 4 26 1 4 24 2
57.8901014625 5 25 0 5 26 1 6 28 2
58.89004101 2 29 0 6 30 1 10 30 2
62.8900611 7 30 0 8 31 1 8 31 2
64.8900424025 12 21 0 11 17 1 10 16 2
65.890090675 10 29 0 8 27 1 7 26 2
65.89009916 6 26 0 7 27 1 8 28 2
66.89011807 10 31 0 4 28 1 0 27 2
67.8900719625 14 24 0 15 27 1 15 31 2
67.890102705 15 20 0 10 19 1 4 19 2
67.89012841 5 26 0 6 24 1 7 23 2
69.890072785 13 28 0 14 29 1 15 29 2
70.890032835 11 30 0 14 30 1 14 29 2
70.890055275 12 24 0 13 25 1 15 26 2
70.89007574 3 16 0 2 19 1 1 22 2
70.890088815 8 20 0 8 25 1 7 31 2
70.8901191925 8 31 0 12 26 1 15 23 2
73.890109575 13 16 0 9 18 1 5 21 2
75.8900189425 2 22 0 5 20 1 7 20 2
76.89010185 1 23 0 6 21 1 10 19 2
77.8901104575 13 19 0 10 18 1 8 18 2
78.8900350925 6 17 0 11 22 1 15 28 2
78.8900793075 3 25 0 5 24 1 7 23 2
78.8901080325 13 19 0 14 18 1 15 17 2
81.8900601625 6 22 0 8 30 1 9 31 2
81.8900718325 9 29 0 13 25 1 15 24 2
81.8900957825 12 31 0 15 26 1 15 23 2
81.890097385 8 21 0 10 21 1 12 21 2
82.8900368775 14 17 0 12 18 1 10 18 2
82.8900581375 10 20 0 9 20 1 8 20 2
83.8900103175 12 24 0 1 31 1 0 24 2
83.890018515 11 30 0 11 29 1 12 27 2
85.8900732775 5 26 0 8 25 1 12 24 2
85.8900808525 7 26 0 5 27 1 3 29 2
85.8900876425 3 20 0 6 20 1 10 21 2
86.89006699 9 16 0 7 19 1 4 23 2
86.8901171375 4 31 0 3 25 1 3 22 2
92.8900217375 1 18 0 7 18 1 15 17 2
93.8901039125 2 21 0 5 21 1 9 21 2
96.8900547725 11 31 0 4 24 1 6 26 2
96.8900892925 14 20 0 13 18 1 12 16 2
97.8900204175 3 23 0 9 25 1 14 26 2
98.8900053325 2 24 0 3 23 1 4 23 2
99.8900180525 10 19 0 6 22 1 3 24 2
101.89009875 11 30 0 11 26 1 10 23 2
102.8900361575 13 30 0 11 30 1 9 31 2
102.8901277475 7 22 0 6 20 1 6 18 2
103.8900375075 9 27 0 11 29 1 13 31 2
103.8900708575 2 20 0 1 21 1 1 23 2
107.8900950975 7 19 0 6 17 1 4 16 2
107.8901143175 9 24 0 7 26 1 6 29 2
108.8901122775 9 30 0 10 30 1 10 28 2
110.890019235 11 23 0 11 20 1 11 19 2
110.890047595 6 24 0 9 22 1 12 21 2
110.8900496675 12 19 0 10 20 1 8 21 2
112.8900774225 12 30 0 8 31 1 4 31 2
114.890077615 2 27 0 7 27 1 12 27 2
115.8900880175 1 17 0 13 22 1 5 19 2
118.8900171875 5 19 0 8 17 1 10 16 2
118.890108225 13 18 0 13 19 1 13 21 2
119.8900219375 1 26 0 3 27 1 5 29 2
122.890086545 6 19 0 5 22 1 4 26 2
123.8900654475 1 21 0 4 21 1 8 20 2
123.890058095 7 30 0 10 29 1 12 29 2
125.8901063275 3 20 0 6 21 1 11 22 2
128.89004802 1 24 0 6 24 1 11 24 2
128.8901306725 10 21 0 10 18 1 9 16 2
129.890033655 8 22 0 7 26 1 5 27 2
129.8901002025 15 23 0 15 27 1 15 31 2
129.890110945 10 20 0 5 26 1 1 31 2
131.8900660575 6 29 0 4 26 1 2 24 2
132.89000994 13 19 0 12 19 1 11 19 2
134.890115825 1 27 0 2 26 1 4 24 2
135.8900030075 11 17 0 12 17 1 13 19 2
135.890104705 14 22 0 13 22 1 11 23 2
136.8900207675 10 25 0 12 21 1 15 18 2
136.8900244775 4 24 0 4 30 1 5 31 2
136.8900892825 13 28 0 13 29 1 12 30 2
136.89012685 10 26 0 13 27 1 15 28 2
138.890085695 1 26 0 1 26 1 0 27 2
141.890058935 2 25 0 5 23 1 9 22 2
141.89012193 10 26 0 6 23 1 3 20 2
142.8900732075 4 22 0 8 20 1 13 18 2
143.8900368225 9 25 0 6 27 1 2 30 2
143.890050505 3 18 0 1 24 1 0 31 2
143.890106315 6 16 0 11 17 1 15 19 2
144.890021475 10 24 0 8 27 1 7 30 2
144.8900329675 4 31 0 6 30 1 8 29 2
146.8900101575 14 18 0 7 21 1 1 23 2
148.890035405 15 30 0 12 30 1 10 29 2
148.890052895 14 17 0 15 19 1 15 20 2
148.8900702825 5 27 0 9 26 1 13 20 2
149.8900945175 14 19 0 12 21 1 10 23 2
151.890082965 5 31 0 7 25 1 9 20 2
152.8900459775 6 28 0 9 29 1 13 31 2
153.89005843 2 29 0 3 27 1 3 26 2
154.890050155 11 27 0 9 27 1 11 26 2
154.890065725 5 30 0 3 29 1 2 28 2
154.8900734225 14 27 0 14 27 1 13 27 2
154.890115585 10 26 0 7 25 1 3 28 2
157.89006965 11 20 0 9 23 1 7 26 2
157.890086645 11 31 0 7 29 1 4 26 2
158.890025355 1 20 0 5 28 1 9 28 2
158.8900348825 13 17 0 12 17 1 10 17 2
158.89008657 13 21 0 12 22 1 11 24 2
165.89001089 13 19 0 13 19 1 12 20 2
166.890034305 4 18 0 3 18 1 3 20 2
166.890027025 5 17 0 7 20 1 10 24 2
167.8901230375 15 20 0 12 21 1 8 22 2
168.8901042375 8 18 0 9 20 1 11 22 2
169.89005227 1 21 0 2 26 1 3 31 2
170.89001824 10 20 0 11 23 1 13 26 2
171.8900394325 10 21 0 8 23 1 6 26 2
171.8900757775 5 20 0 5 21 1 6 21 2
177.8900490175 13 18 0 11 16 1 8 16 2
177.8901075025 10 28 0 10 25 1 10 22 2
177.890124535 7 20 0 9 18 1 11 17 2
178.8900962975 5 18 0 8 19 1 11 20 2
178.89012125 12 26 0 11 24 1 9 22 2
178.890128115 10 19 0 8 20 1 7 21 2
179.89001489 1 27 0 3 4 1 7 24 2
179.89009297 7 29 0 8 24 1 8 21 2
180.8900380175 2 20 0 3 18 1 6 18 2
180.8900740375 10 16 0 11 17 1 12 23 2
184.89000831 2 19 0 3 20 1 4 21 2
184.8900965925 14 25 0 13 26 1 13 27 2
184.89011815 4 25 0 3 24 1 2 23 2
186.8900340025 5 31 0 6 30 1 7 28 2
186.8900555525 4 30 0 5 28 1 5 28 2
186.890063095 5 27 0 12 29 1 3 23 2
187.890070815 14 22 0 13 22 1 11 22 2
188.8900248275 12 31 0 12 28 1 12 26 2
188.890107155 5 16 0 9 17 1 14 18 2
189.8900998325 1 26 0 4 16 1 6 22 2
190.8900546025 8 21 0 5 19 1 1 18 2
192.8900615425 3 20 0 10 18 1 15 17 2
194.8900276475 1 16 0 5 19 1 11 23 2
195.890008765 6 26 0 7 27 1 7 30 2
200.8900986825 9 24 0 11 26 1 12 28 2
201.890008175 15 16 0 14 22 1 13 29 2
201.8900703675 2 23 0 4 20 1 5 17 2
202.89008645 10 23 0 6 21 1 3 22 2
204.890038755 11 18 0 13 17 1 12 17 2
206.89001861 10 27 0 9 23 1 9 20 2
207.8900297825 1 17 0 4 19 1 7 22 2
208.890075625 13 21 0 11 24 1 9 27 2
209.8900227025 2 30 0 4 25 1 7 21 2
210.8900516025 11 23 0 13 25 1 14 27 2
210.8900893875 6 31 0 7 30 1 8 29 2
213.8900697525 11 31 0 10 30 1 9 28 2
217.8900541675 6 28 0 7 25 1 8 22 2
217.890088355 6 29 0 3 28 1 2 30 2
218.890119315 2 16 0 6 17 1 10 19 2
221.890073855 7 30 0 6 30 1 3 31 2
221.8901164275 8 25 0 7 24 1 6 24 2
221.89011847 11 21 0 14 23 1 15 24 2
222.89003442 9 28 0 9 25 1 9 24 2
223.890024645 14 21 0 11 18 1 8 16 2
223.89003171 7 31 0 4 30 1 2 29 2
223.8900703425 11 24 0 13 21 1 14 20 2
223.8901249125 12 20 0 13 18 1 14 16 2
224.890022745 14 23 0 11 25 1 8 28 2
224.89010744 12 26 0 8 26 1 4 27 2
226.89006366 4 21 0 8 18 1 11 16 2
226.890076365 11 31 0 11 24 1 11 17 2
228.8900118125 3 31 0 5 28 1 7 26 2
228.8901277875 11 26 0 7 25 1 4 24 2
229.8900057 2 23 0 3 25 1 4 27 2
230.8900136425 9 17 0 11 18 1 13 19 2
231.890047695 3 30 0 3 29 1 3 28 2
231.8900876325 9 16 0 12 16 1 15 18 2
232.890072135 12 31 0 11 31 1 11 30 2
233.8900156825 10 20 0 12 24 1 14 28 2
233.89007291 6 29 0 4 29 1 3 28 2
235.890034655 5 17 0 5 17 1 5 17 2
239.89007381 2 27 0 1 26 1 0 26 2
240.8900183025 7 27 0 8 29 1 7 31 2
240.8900609725 1 25 0 2 22 1 3 21 2
241.8900536225 7 24 0 8 23 1 9 23 2
242.8900528575 15 18 0 15 21 1 15 24 2
243.890069825 6 19 0 6 26 1 6 31 2
243.890075315 3 26 0 8 21 1 13 16 2
244.89010622 5 20 0 11 20 1 14 20 2
244.8901107025 6 21 0 7 25 1 8 29 2
245.89009657 10 24 0 12 27 1 13 30 2
247.890120595 1 27 0 2 22 1 3 19 2
249.890122085 3 17 0 4 21 1 5 26 2
250.8900546775 10 24 0 10 22 1 10 21 2
252.8900133675 10 31 0 8 27 1 6 22 2
255.890022155 10 16 0 12 18 1 14 21 2
256.8900108725 11 31 0 13 29 1 14 27 2
256.8900863175 4 25 0 3 24 1 2 23 2
257.890061865 10 26 0 11 26 1 9 23 2
258.890074365 3 19 0 4 20 1 5 22 2
258.8901202425 11 25 0 10 23 1 9 21 2
259.89000896 14 19 0 15 21 1 15 24 2
260.89000993 5 26 0 8 26 1 13 26 2
260.890017755 8 16 0 9 19 1 11 23 2
263.890127245 15 25 0 14 20 1 14 16 2
265.8900675975 12 28 0 11 29 1 10 31 2
267.8900288275 11 22 0 8 22 1 4 22 2
269.8900028275 10 17 0 12 17 1 13 18 2
270.890046535 15 28 0 11 28 1 7 28 2
272.8900927375 3 27 0 7 25 1 10 23 2
272.89012964 2 19 0 3 19 1 6 21 2
273.8900114825 6 31 0 8 26 1 10 21 2
276.890055325 9 29 0 6 27 1 2 26 2
278.890094435 3 29 0 4 30 1 8 18 2
280.89001839 5 20 0 4 21 1 2 23 2
280.8900229925 9 18 0 6 17 1 4 16 2
280.8900258475 10 28 0 10 30 1 9 28 2
280.8901182675 10 22 0 9 26 1 7 22 2
280.89012011 3 18 0 5 23 1 7 28 2
281.89008642 6 19 0 4 17 1 2 16 2
283.89002945 13 31 0 13 31 1 13 30 2
285.8901171075 15 17 0 8 22 1 1 27 2
289.890098875 7 31 0 9 31 1 12 31 2
289.8901278625 13 19 0 13 24 1 12 29 2
290.8900874825 3 17 0 2 17 1 1 18 2
290.8901172925 13 22 0 14 26 1 15 31 2
291.89011288 11 22 0 13 22 1 15 23 2
292.890023515 11 18 0 7 18 1 2 18 2
292.89007256 9 18 0 11 20 1 13 23 2
299.8900426575 8 24 0 5 25 1 1 27 2
300.89002625 13 24 0 14 24 1 15 24 2
301.8901154675 3 25 0 2 23 1 2 27 2
302.8900228575 3 17 0 6 20 1 11 23 2
303.890059955 14 18 0 11 22 1 10 28 2
303.890109835 7 25 0 11 23 1 14 22 2
306.89008966 11 20 0 12 19 1 13 18 2
309.890039405 13 23 0 7 25 1 0 27 2
310.8900341825 10 21 0 9 20 1 7 20 2
310.8900547175 5 19 0 6 22 1 8 24 2
310.8901045925 9 30 0 5 31 1 2 24 2
313.8900638775 14 28 0 10 25 1 6 20 2
314.890011975 8 30 0 5 25 1 2 20 2
314.8900240575 6 25 0 4 25 1 3 26 2
315.8900275175 11 31 0 10 31 1 8 30 2
315.8900467 3 23 0 5 23 1 8 23 2
315.89011483 5 27 0 5 25 1 6 24 2
316.8900094 15 24 0 14 24 1 13 24 2
317.8901025225 1 19 0 4 21 1 7 24 2
319.89013435 11 20 0 13 21 1 15 23 2
320.8900557275 12 26 0 13 22 1 13 20 2
320.890128885 8 28 0 5 22 1 3 16 2
321.8900180225 2 18 0 2 20 1 1 22 2
322.89010423 13 25 0 11 24 1 9 24 2
322.8901197975 6 25 0 9 23 1 11 22 2
323.89006244 8 28 0 1 21 1 8 27 2
323.89012633 7 29 0 10 29 1 13 30 2
324.890017295 12 18 0 9 17 1 6 16 2
324.8900547875 10 30 0 11 28 1 11 27 2
325.8900382325 7 20 0 11 24 1 14 28 2
325.890083105 7 22 0 8 19 1 9 16 2
325.89009297 11 20 0 8 19 1 5 18 2
325.890114285 15 26 0 13 23 1 12 31 2
327.8900253075 11 25 0 12 26 1 13 27 2
327.8900898475 11 17 0 9 16 1 8 16 2
332.8900675275 6 16 0 3 21 1 1 26 2
332.89008001 1 19 0 0 19 1 0 20 2
333.890113955 9 19 0 8 18 1 7 18 2
334.890099265 9 19 0 8 20 1 6 21 2
335.89004423 10 24 0 9 27 1 8 31 2
335.8901126825 11 17 0 10 18 1 13 24 2
335.89011933 11 24 0 8 26 1 4 29 2
336.8900112175 3 22 0 5 22 1 8 23 2
337.8900757725 8 22 0 9 22 1 10 24 2
339.8900317175 2 20 0 5 18 1 8 17 2
339.89007784 12 19 0 8 21 1 5 23 2
339.8901123725 7 16 0 7 18 1 7 22 2
339.89012594 8 26 0 12 23 1 15 21 2
340.89002542 8 24 0 7 20 1 7 18 2
342.89012248 15 20 0 13 23 1 12 23 2
343.8900265425 3 19 0 2 20 1 0 22 2
344.8901017725 4 25 0 7 28 1 9 31 2
345.890013585 13 24 0 7 22 1 1 19 2
346.89008567 14 26 0 10 27 1 5 29 2
347.89005899 13 17 0 10 18 1 6 21 2
348.890026785 8 28 0 7 25 1 7 23 2
348.8900399675 13 29 0 11 28 1 9 27 2
348.89006342 1 21 0 2 19 1 3 18 2
351.8900638525 11 26 0 11 27 1 11 29 2
352.8900741875 11 28 0 5 30 1 0 30 2
352.890076625 15 17 0 14 17 1 13 19 2
353.8900068925 15 20 0 15 18 1 15 16 2
353.8900911675 11 19 0 9 24 1 9 29 2
354.89007352 12 16 0 11 16 1 9 18 2
356.89002636 7 29 0 5 30 1 3 31 2
359.890054975 12 22 0 11 22 1 9 23 2
361.89002081 5 21 0 6 17 1 8 16 2
361.8900400575 7 27 0 7 24 1 0 21 2
361.8900616025 10 31 0 8 30 1 5 28 2
362.8900065775 4 17 0 5 16 1 5 16 2
362.8900723925 10 16 0 11 16 1 13 16 2
363.890010825 3 16 0 3 17 1 4 18 2
365.8901175575 10 27 0 8 25 1 7 24 2
367.890036285 13 31 0 8 30 1 4 29 2
367.8901078575 15 18 0 12 23 1 9 28 2
368.8900178575 8 17 0 7 21 1 7 26 2
368.8900844475 13 29 0 13 28 1 13 28 2
369.8900614825 6 28 0 7 28 1 7 27 2
371.890084405 5 24 0 4 24 1 3 27 2
372.89001754 2 22 0 1 25 1 0 28 2
372.89005876 4 29 0 5 26 1 7 27 2
372.890082765 8 28 0 10 28 1 12 27 2
372.89010417 4 30 0 5 27 1 5 24 2
374.8900099725 2 25 0 2 21 1 4 29 2
375.890097205 13 27 0 13 25 1 14 24 2
377.890029055 3 20 0 2 26 1 2 28 2
377.89008467 3 23 0 2 20 1 1 18 2
378.8900344775 14 29 0 11 24 1 8 20 2
379.890060385 12 18 0 12 20 1 12 22 2
379.89009652 10 21 0 13 21 1 15 21 2
381.8900552525 7 28 0 9 27 1 10 28 2
381.8900820675 11 20 0 12 17 1 13 16 2
381.8901046775 6 23 0 4 23 1 2 24 2
381.89012117 6 24 0 11 21 1 13 20 2
382.890030755 13 27 0 4 29 1 9 31 2
384.8901001775 10 23 0 12 23 1 15 24 2
386.890030455 3 26 0 3 20 1 3 16 2
387.89006805 2 19 0 5 25 1 8 31 2
389.89005633 1 17 0 1 19 1 3 18 2
392.8900364625 15 31 0 15 29 1 15 28 2
394.890084665 3 17 0 3 17 1 3 18 2
396.8901195 14 18 0 11 23 1 8 27 2
397.890023025 5 30 0 8 30 1 10 31 2
398.8900276425 5 18 0 5 18 1 6 20 2
399.89010918 11 20 0 10 22 1 9 19 2
400.8900313375 3 23 0 6 23 1 9 24 2
401.8900079525 12 17 0 13 18 1 13 19 2
403.89007315 6 21 0 11 23 1 15 26 2
403.890125495 10 21 0 10 21 1 10 21 2
404.8900828575 13 17 0 9 18 1 4 19 2
405.8900657475 12 22 0 12 21 1 13 20 2
406.8900581 10 16 0 10 22 1 10 24 2
406.89007447 8 29 0 7 25 1 8 21 2
407.8900682475 1 31 0 5 31 1 8 30 2
407.89007888 1 29 0 2 23 1 3 17 2
407.89011009 6 31 0 6 25 1 3 28 2
410.89003553 12 24 0 14 26 1 15 27 2
410.8900851125 11 19 0 12 25 1 13 31 2
411.8901020275 10 27 0 10 25 1 11 24 2
413.890017155 15 21 0 13 23 1 12 24 2
414.8900407125 4 28 0 10 28 1 15 28 2
414.8900744325 10 29 0 7 30 1 4 31 2
416.89003094 15 28 0 14 24 1 13 19 2
418.89006311 10 25 0 9 28 1 8 31 2
418.8900585775 8 18 0 10 18 1 11 19 2
419.8900513175 8 22 0 11 23 1 13 24 2
419.89007133 10 17 0 13 17 1 15 16 2
421.8900137075 1 23 0 2 23 1 2 23 2
421.8900200225 5 31 0 6 26 1 7 21 2
421.890031885 2 31 0 3 26 1 5 24 2
421.890042675 8 16 0 4 22 1 1 29 2
421.890099905 5 18 0 7 18 1 10 18 2
424.89010471 15 16 0 2 17 1 6 19 2
426.89004445 5 21 0 3 22 1 0 23 2
427.8900317975 6 29 0 8 26 1 10 23 2
428.8900215175 9 31 0 8 26 1 7 20 2
430.89000224 11 30 0 9 31 1 7 31 2
430.8900758075 6 25 0 8 21 1 9 17 2
431.89003212 15 28 0 8 25 1 2 21 2
431.8901031925 14 26 0 13 24 1 12 23 2
432.890041155 14 22 0 14 29 1 14 21 2
434.89012233 8 25 0 7 27 1 6 29 2
435.89000894 1 24 0 3 20 1 4 17 2
436.8900583625 14 20 0 13 22 1 13 23 2
437.89000612 10 29 0 13 27 1 15 26 2
437.8901042975 8 22 0 10 25 1 11 29 2
439.89013068 3 31 0 3 29 1 3 26 2
440.8900873125 14 18 0 10 21 1 8 26 2
441.8900152175 3 25 0 2 24 1 1 24 2
441.89009093 12 31 0 9 27 1 6 23 2
441.8901185475 9 19 0 5 18 1 2 16 2
443.89005036 10 22 0 9 24 1 9 27 2
447.8900367425 8 16 0 4 23 1 0 28 2
448.8900881975 13 29 0 7 28 1 2 27 2
448.8901188375 14 19 0 3 21 1 7 21 2
449.8901004375 10 25 0 12 26 1 14 31 2
450.890016355 11 29 0 8 25 1 4 21 2
451.890098145 5 26 0 9 24 1 12 22 2
451.8901050225 13 22 0 12 23 1 12 24 2
453.8900974925 2 28 0 6 25 1 7 23 2
453.890097245 15 25 0 15 23 1 15 22 2
454.89001788 3 27 0 4 28 1 6 30 2
456.89007252 6 18 0 6 20 1 6 22 2
456.890117705 4 21 0 6 19 1 7 18 2
461.8900133325 6 25 0 8 20 1 9 17 2
462.8900735225 2 22 0 8 21 1 12 20 2
465.89005995 9 24 0 8 23 1 9 23 2
467.8900279275 2 18 0 2 21 1 0 24 2
467.8900750725 4 19 0 7 21 1 9 24 2
468.890107675 3 21 0 3 23 1 2 26 2
471.8900575925 14 24 0 10 28 1 7 31 2
472.8900705925 1 24 0 3 25 1 6 26 2
473.8901144825 5 27 0 6 26 1 7 26 2
474.8900530475 4 31 0 5 31 1 6 31 2
475.8900731225 6 22 0 5 21 1 5 22 2
476.8900264225 13 23 0 13 21 1 13 20 2
476.8900997175 2 19 0 2 17 1 2 16 2
476.890120365 14 19 0 14 21 1 14 23 2
477.89001094 11 24 0 12 23 1 12 22 2
477.89006281 8 22 0 7 20 1 5 18 2
477.89007733 6 27 0 8 23 1 10 19 2
477.8900788925 3 16 0 3 25 1 1 27 2
478.890035625 9 22 0 11 23 1 12 26 2
479.890102515 9 28 0 11 25 1 12 23 2
480.8900284475 3 26 0 7 22 1 12 19 2
480.8901156275 11 18 0 15 20 1 11 24 2
481.8900422875 11 22 0 13 22 1 15 24 2
481.8900713875 7 30 0 6 31 1 4 31 2
481.890067715 8 25 0 9 26 1 9 26 2
481.8901069925 6 19 0 1 31 1 5 24 2
481.890106955 4 20 0 7 24 1 10 28 2
481.89012873 14 20 0 12 22 1 10 26 2
483.89002013 9 27 0 7 26 1 4 26 2
485.890010875 3 24 0 6 27 1 9 29 2
485.8900409775 8 18 0 5 18 1 2 19 2
485.89005837 7 16 0 4 19 1 2 24 2
486.8900245 2 17 0 3 22 1 5 27 2
487.890003995 1 28 0 3 29 1 5 30 2
487.8900904475 7 26 0 4 22 1 1 18 2
488.890032495 9 23 0 5 27 1 13 31 2
488.8900752275 3 17 0 3 18 1 2 20 2
488.8901252575 3 17 0 1 20 1 2 19 2
489.8900189525 4 20 0 5 16 1 7 17 2
490.89002145 15 17 0 14 18 1 12 20 2
490.89006031 9 22 0 10 19 1 11 26 2
490.8900906475 13 22 0 13 21 1 12 21 2
490.890104085 2 22 0 2 18 1 4 16 2
491.89003402 12 18 0 10 20 1 9 23 2
492.890002105 9 28 0 10 28 1 12 29 2
495.8900225325 13 18 0 10 19 1 7 21 2
496.8901276725 12 20 0 12 21 1 11 22 2
497.89001061 1 26 0 1 27 1 1 29 2
497.8900604475 11 28 0 12 24 1 14 20 2
497.89010686 8 25 0 8 27 1 7 28 2
498.8900371 1 16 0 2 16 1 3 18 2
500.890107645 10 23 0 9 26 1 8 29 2
502.8900906925 5 31 0 8 26 1 12 21 2
503.8900431125 4 25 0 2 21 1 1 16 2
504.890080595 5 28 0 5 27 1 5 27 2
505.8900433575 6 21 0 4 22 1 2 23 2
505.8901280925 6 26 0 4 26 1 3 27 2
507.89002882 3 28 0 5 28 1 6 28 2
508.89012305 15 21 0 11 22 1 7 24 2
509.8900332675 8 25 0 8 20 1 8 16 2
509.8900831675 6 27 0 8 24 1 10 22 2
514.89002489 5 25 0 2 21 1 0 18 2
514.8900606175 7 18 0 9 16 1 12 16 2
515.890043015 14 30 0 14 28 1 13 24 2
515.890059945 7 22 0 4 20 1 2 17 2
516.89004321 12 31 0 13 31 1 15 30 2
517.89004699 3 18 0 6 18 1 9 20 2
517.8900526475 3 25 0 2 25 1 1 26 2
517.89008277 1 27 0 1 28 1 2 28 2
520.8900740925 14 31 0 10 30 1 6 30 2
520.8901249525 11 28 0 7 25 1 2 28 2
522.8901251975 5 27 0 5 28 1 5 29 2
524.89001438 13 27 0 10 25 1 7 23 2
524.8900682275 8 21 0 8 24 1 7 27 2
524.8901003275 12 19 0 9 24 1 6 30 2
526.89003828 1 30 0 6 26 1 12 24 2
526.8900589825 4 20 0 4 21 1 5 23 2
530.8900085825 4 26 0 6 27 1 9 28 2
530.89009812 14 21 0 12 21 1 9 21 2
531.890017625 7 31 0 11 27 1 14 26 2
533.89005837 6 26 0 7 27 1 8 28 2
534.890125585 10 24 0 11 23 1 12 23 2
536.8900636825 11 19 0 5 20 1 0 22 2
540.8901017275 5 31 0 6 30 1 8 30 2
541.890039255 13 21 0 14 19 1 11 19 2
542.8900311475 4 26 0 6 25 1 8 24 2
544.89008944 10 21 0 10 24 1 11 27 2
545.89011819 9 29 0 8 26 1 8 24 2
546.8900576925 9 22 0 8 21 1 7 22 2
549.8900565825 6 26 0 7 24 1 9 22 2
549.890119495 15 28 0 12 28 1 9 28 2
550.8901182575 3 29 0 4 24 1 6 20 2
553.890063105 11 25 0 12 26 1 12 27 2
553.8900794675 7 27 0 4 29 1 2 31 2
554.8900376575 4 19 0 4 20 1 4 22 2
556.8900904475 8 21 0 11 22 1 12 24 2
556.8901129425 4 17 0 4 18 1 4 20 2
556.8901163925 3 17 0 3 19 1 2 21 2
557.890113575 14 25 0 12 28 1 11 30 2
559.890006745 8 22 0 9 20 1 8 20 2
559.89006038 12 22 0 8 21 1 4 21 2
560.8900272075 4 24 0 4 28 1 4 31 2
560.89003015 5 29 0 12 21 1 15 18 2
560.890087245 15 24 0 13 21 1 11 18 2
561.8900425175 1 17 0 1 16 1 4 18 2
562.8900135125 8 26 0 7 20 1 7 16 2
562.8900817675 8 28 0 8 30 1 9 30 2
562.89009234 3 25 0 2 25 1 1 26 2
562.8901115 2 24 0 8 22 1 1 22 2
563.890087785 4 28 0 8 28 1 10 27 2
564.890077135 9 29 0 8 28 1 7 27 2
564.89010603 8 21 0 5 22 1 1 23 2
565.890057735 13 31 0 12 29 1 11 26 2
565.8900916 6 26 0 6 26 1 6 27 2
567.890065875 7 22 0 5 25 1 6 24 2
567.8901105575 7 23 0 5 24 1 4 26 2
568.890100905 12 29 0 11 30 1 10 31 2
569.890069565 7 26 0 9 28 1 11 31 2
570.8900200375 11 27 0 13 25 1 13 24 2
572.8900045425 14 16 0 14 19 1 14 22 2
573.8901166725 8 22 0 8 21 1 9 20 2
575.8900288625 5 28 0 7 27 1 9 26 2
575.8900621425 7 22 0 8 25 1 10 29 2
575.8900919675 10 17 0 11 18 1 11 19 2
576.890023785 10 26 0 7 23 1 1 21 2
576.8900894675 9 16 0 9 16 1 10 16 2
580.890115895 14 19 0 11 18 1 9 18 2
582.890038815 6 31 0 9 29 1 12 28 2
583.8900907925 12 23 0 13 23 1 13 24 2
583.89010271 10 21 0 13 20 1 15 19 2
586.89004311 14 16 0 11 18 1 12 20 2
586.89011108 7 26 0 9 25 1 12 24 2
587.89008947 6 24 0 9 24 1 12 24 2
588.89007218 11 17 0 8 16 1 6 17 2
590.89004162 6 16 0 5 18 1 4 22 2
590.8900885325 8 16 0 7 21 1 7 26 2
591.8900522075 11 25 0 9 27 1 7 29 2
591.890090705 12 22 0 12 21 1 12 21 2
592.890026575 5 23 0 6 21 1 7 19 2
594.8900155875 8 17 0 7 22 1 6 28 2
594.8900574425 2 23 0 0 21 1 0 21 2
594.8901096075 5 27 0 6 23 1 6 20 2
596.8901073175 12 16 0 15 19 1 15 24 2
597.8900978875 11 25 0 10 23 1 8 20 2
597.890100255 3 22 0 6 24 1 9 26 2
599.890105615 8 26 0 7 28 1 7 29 2
599.890124425 4 25 0 7 25 1 10 26 2
600.8900434225 6 29 0 6 22 1 6 16 2
602.890065965 15 29 0 14 29 1 12 28 2
602.89009362 4 22 0 6 25 1 0 17 2
604.8900500225 8 27 0 9 27 1 9 27 2
604.8900729 7 25 0 8 24 1 3 23 2
605.890021825 3 22 0 5 25 1 8 28 2
607.8900277 2 30 0 4 30 1 6 30 2
608.89008652 12 25 0 13 24 1 13 24 2
608.89009641 14 20 0 11 21 1 8 23 2
613.89008018 13 27 0 13 25 1 14 23 2
615.89003017 13 23 0 12 22 1 13 22 2
615.8900372275 2 30 0 3 28 1 4 26 2
623.8900879025 11 27 0 13 28 1 15 27 2
626.8900830025 4 26 0 3 22 1 2 19 2
626.890126515 1 31 0 1 31 1 1 27 2
627.8900717975 1 20 0 5 21 1 8 23 2
628.8901037525 11 18 0 8 18 1 6 18 2
629.890021055 10 19 0 6 19 1 2 20 2
629.89004939 13 23 0 11 24 1 10 26 2
629.8900580775 11 22 0 11 22 1 12 21 2
631.89006041 1 30 0 4 26 1 8 22 2
631.89008401 5 30 0 6 28 1 6 31 2
632.8900251475 12 16 0 8 16 1 0 16 2
632.8900733325 2 22 0 9 20 1 15 20 2
632.8900792175 14 24 0 13 24 1 12 24 2
633.8900417775 2 22 0 4 21 1 7 21 2
634.8901097675 9 30 0 2 27 1 0 24 2
635.8900413675 12 24 0 10 21 1 8 19 2
635.89013198 10 23 0 6 19 1 2 16 2
636.8900483625 1 30 0 2 30 1 3 31 2
636.8900965125 14 17 0 13 23 1 12 29 2
636.89012895 11 18 0 10 19 1 9 20 2
640.8900153625 13 28 0 8 29 1 3 30 2
640.8900961775 3 16 0 2 31 1 1 30 2
641.89004873 14 26 0 15 27 1 14 28 2
642.8900412 8 21 0 7 23 1 6 27 2
642.89007732 4 28 0 5 29 1 5 30 2
643.890012195 8 25 0 7 26 1 7 28 2
643.89002582 15 21 0 15 26 1 15 28 2
644.890032415 1 31 0 2 31 1 3 31 2
644.89010578 8 30 0 6 27 1 4 26 2
645.8900201525 10 31 0 7 29 1 15 29 2
647.890034825 14 30 0 15 31 1 13 31 2
648.8900742675 6 23 0 8 21 1 6 21 2
650.890087715 14 27 0 14 25 1 14 24 2
652.89010541 2 30 0 5 29 1 9 9 2
652.8901106825 7 29 0 12 30 1 15 30 2
653.8900391825 10 17 0 10 21 1 10 26 2
653.8901143825 12 26 0 14 24 1 15 22 2
654.8900593225 11 27 0 9 21 1 4 28 2
655.8900104375 8 27 0 5 24 1 4 21 2
655.8900661675 10 20 0 9 20 1 9 21 2
655.8901272575 6 31 0 7 27 1 9 23 2
658.8900380525 9 28 0 8 29 1 8 31 2
659.89010226 3 27 0 3 29 1 3 29 2
660.8901015575 13 21 0 14 23 1 15 26 2
661.8900885025 10 25 0 10 24 1 10 23 2
662.890032825 13 28 0 12 29 1 11 31 2
662.89007676 13 26 0 11 26 1 8 27 2
663.890094635 10 28 0 11 29 1 12 31 2
664.890132375 4 16 0 7 17 1 9 18 2
665.89005628 8 31 0 5 30 1 7 28 2
666.89001691 15 20 0 12 21 1 9 22 2
666.890102885 13 21 0 12 20 1 11 20 2
667.890069485 7 30 0 4 31 1 2 31 2
668.890025585 1 26 0 5 27 1 2 29 2
669.890069115 9 31 0 13 31 1 15 31 2
670.8900184225 6 31 0 7 30 1 7 29 2
670.890058765 5 22 0 9 21 1 13 21 2
672.89002804 13 29 0 14 29 1 15 28 2
672.89009956 13 31 0 11 30 1 9 28 2
672.89011794 2 18 0 4 18 1 7 18 2
673.8900072875 3 16 0 5 21 1 6 27 2
674.8900606425 10 19 0 7 19 1 5 20 2
676.890106535 10 20 0 12 24 1 15 29 2
676.890112885 10 19 0 13 22 1 15 21 2
680.890075925 11 28 0 9 27 1 8 27 2
682.89001777 9 19 0 5 23 1 3 18 2
682.89005547 15 16 0 15 16 1 15 17 2
684.89006088 10 27 0 11 28 1 13 30 2
686.8900350425 6 23 0 4 23 1 2 23 2
686.8900404575 12 26 0 12 26 1 12 26 2
687.8900775075 8 21 0 7 18 1 9 16 2
688.890052665 6 17 0 4 19 1 2 21 2
688.89005484 9 31 0 9 23 1 10 16 2
690.890025255 14 29 0 15 27 1 15 28 2
690.890074765 8 29 0 8 27 1 9 26 2
690.8901042075 1 24 0 3 23 1 5 23 2
694.8900035275 3 20 0 2 19 1 0 19 2
694.8900219 12 26 0 7 27 1 2 28 2
694.890052785 8 19 0 5 18 1 2 19 2
694.8900505575 8 20 0 7 23 1 7 27 2
694.89011312 12 29 0 10 29 1 7 29 2
695.8900078075 12 27 0 11 22 1 8 18 2
696.8900727875 7 25 0 7 20 1 2 17 2
699.89002122 4 23 0 2 21 1 0 19 2
701.8900600825 15 21 0 13 22 1 11 23 2
703.89010478 15 18 0 8 23 1 0 29 2
705.8900905825 5 27 0 1 21 1 3 16 2
706.8900605375 3 25 0 5 25 1 7 26 2
707.890030125 11 16 0 9 19 1 14 21 2
707.8900748325 7 30 0 6 29 1 4 29 2
707.8901151275 9 21 0 9 19 1 10 16 2
708.8900424875 2 19 0 4 21 1 7 24 2
708.8900551825 10 20 0 10 18 1 11 17 2
710.8900752175 11 18 0 5 18 1 0 18 2
710.8901187775 3 30 0 2 27 1 1 24 2
711.8900206975 11 30 0 7 27 1 4 24 2
711.89005188 8 17 0 5 16 1 2 16 2
711.890101465 13 18 0 14 24 1 14 30 2
711.8901283225 5 19 0 8 21 1 10 23 2
714.89002466 4 22 0 5 20 1 6 18 2
719.8900628975 12 26 0 8 26 1 5 26 2
719.8901113825 10 24 0 12 20 1 13 16 2
720.89005412 8 28 0 9 28 1 10 29 2
722.890011535 9 24 0 10 22 1 11 19 2
723.890119645 14 20 0 15 20 1 15 21 2
724.890125415 8 26 0 13 21 1 12 16 2
725.89000921 8 25 0 8 24 1 7 22 2
726.890065295 12 20 0 12 20 1 12 21 2
726.8900733125 8 30 0 9 28 1 11 26 2
726.890073325 6 25 0 6 27 1 6 29 2
730.8900126875 2 20 0 6 25 1 9 31 2
730.8900530675 14 27 0 11 28 1 8 28 2
731.890121725 13 24 0 11 23 1 5 22 2
731.8901223025 14 22 0 14 26 1 13 31 2
731.890130535 12 22 0 11 23 1 9 24 2
733.89007195 3 24 0 6 27 1 9 29 2
733.890106885 9 31 0 5 31 1 1 31 2
738.8900548025 6 16 0 5 17 1 3 19 2
739.89001541 2 21 0 2 19 1 3 16 2
739.8901086375 15 17 0 13 19 1 13 19 2
740.890061285 12 18 0 13 18 1 15 18 2
742.89008629 11 27 0 11 27 1 6 30 2
742.89011998 11 27 0 10 25 1 9 24 2
743.8900906475 10 29 0 12 24 1 14 20 2
744.89001562 14 19 0 15 20 1 15 22 2
746.890086745 6 29 0 11 25 1 15 22 2
747.89004425 9 29 0 9 28 1 9 27 2
747.8901269375 10 26 0 9 28 1 8 29 2
749.8901231025 3 21 0 3 21 1 2 21 2
751.89001765 4 20 0 8 21 1 12 22 2
751.890096945 8 16 0 5 20 1 2 23 2
751.890122575 3 19 0 3 25 1 2 31 2
754.89002919 4 29 0 6 26 1 8 23 2
755.890035985 8 25 0 9 25 1 11 30 2
755.890126845 7 16 0 3 17 1 0 19 2
756.8900459675 11 31 0 12 28 1 13 26 2
763.890031265 7 27 0 4 27 1 1 29 2
764.890020435 13 30 0 10 26 1 7 23 2
766.890026865 15 21 0 15 22 1 15 23 2
766.8900527425 7 30 0 11 28 1 14 26 2
768.8900219675 5 21 0 8 21 1 11 22 2
768.890029945 7 19 0 4 20 1 1 21 2
768.8900903825 14 29 0 10 29 1 6 29 2
769.8900123125 5 26 0 11 27 1 15 28 2
769.8900480825 9 18 0 10 19 1 13 20 2
769.8901142875 8 16 0 8 19 1 7 22 2
769.8901269225 13 26 0 14 25 1 15 23 2
771.89002999 8 25 0 9 22 1 10 20 2
771.890044105 5 16 0 2 18 1 0 21 2
772.890016725 11 19 0 12 22 1 13 20 2
772.8900640375 3 30 0 5 28 1 8 26 2
772.8900765925 6 22 0 7 18 1 8 16 2
772.8901205125 8 17 0 11 18 1 14 19 2
773.89006115 4 19 0 5 19 1 6 20 2
777.890014765 1 31 0 4 8 1 8 29 2
777.8900823275 13 24 0 9 23 1 5 23 2
781.89003355 8 29 0 8 26 1 7 24 2
781.890112305 7 24 0 5 24 1 3 24 2
782.890076995 8 29 0 5 29 1 3 30 2
785.89003649 11 23 0 8 21 1 6 21 2
785.8900524575 9 23 0 13 22 1 8 28 2
785.8900744325 6 26 0 9 24 1 13 22 2
786.8900062375 10 28 0 11 28 1 12 29 2
787.8900083025 1 17 0 4 18 1 6 21 2
787.8900784625 2 21 0 3 26 1 4 31 2
788.8900659025 8 18 0 4 19 1 1 20 2
789.890100425 7 19 0 7 21 1 7 24 2
790.8900800475 1 28 0 3 19 1 5 16 2
791.8900489575 15 21 0 8 18 1 0 18 2
791.8900842725 6 24 0 6 24 1 7 24 2
791.890091865 10 27 0 10 27 1 10 27 2
793.890068265 3 25 0 4 22 1 4 19 2
794.89000785 9 12 0 2 26 1 4 27 2
796.8901175175 4 20 0 7 18 1 10 21 2
797.8900296125 8 29 0 6 26 1 4 24 2
797.8900798425 15 26 0 13 28 1 10 30 2
797.8900807825 10 17 0 11 21 1 13 26 2
798.89005681 9 29 0 11 26 1 13 23 2
798.89007367 4 30 0 5 26 1 6 22 2
799.89009109 2 22 0 4 19 1 5 17 2
799.8900973825 13 16 0 12 18 1 11 20 2
801.890079595 2 27 0 3 26 1 4 28 2
801.89009131 2 29 0 7 27 1 11 24 2
802.8900227975 13 22 0 13 22 1 13 24 2
804.89003106 7 25 0 7 22 1 8 18 2
804.8900454875 4 25 0 6 23 1 8 20 2
805.8900121175 7 17 0 4 21 1 1 24 2
805.890042195 4 31 0 2 31 1 0 30 2
807.8900972175 1 23 0 3 18 1 3 20 2
809.890020595 7 21 0 11 21 1 7 21 2
811.8900724425 3 31 0 8 31 1 13 31 2
813.89007688 8 18 0 6 17 1 5 17 2
814.890050335 8 29 0 6 26 1 3 24 2
815.8900131 1 31 0 9 28 1 9 24 2
817.8900153075 13 16 0 11 21 1 9 26 2
817.890118955 10 27 0 6 25 1 6 23 2
819.890090795 6 28 0 8 29 1 9 31 2
820.8900297475 15 17 0 15 17 1 15 17 2
820.890091845 13 30 0 11 27 1 9 21 2
825.890069485 5 30 0 7 27 1 9 24 2
825.89010176 4 20 0 6 22 1 11 23 2
826.890020165 12 26 0 10 25 1 8 24 2
826.8900235875 2 18 0 3 18 1 3 19 2
827.8900048775 15 23 0 13 20 1 9 17 2
829.89001076 1 24 0 3 21 1 5 19 2
830.8900328 9 31 0 7 31 1 6 30 2
831.89006279 10 28 0 12 29 1 14 30 2
831.8900768475 6 17 0 10 22 1 15 27 2
831.8900782375 4 23 0 4 22 1 3 22 2
831.890111895 9 27 0 5 28 1 2 29 2
832.8901207575 8 20 0 10 18 1 13 16 2
834.8900999925 4 31 0 5 28 1 6 26 2
835.890074975 13 23 0 8 22 1 3 21 2
836.890075185 1 29 0 5 27 1 10 24 2
837.8900848875 3 20 0 3 21 1 3 23 2
837.8901007475 5 26 0 4 23 1 4 21 2
840.8900120975 8 17 0 5 21 1 3 26 2
840.8900564225 12 24 0 8 27 1 3 31 2
841.890085385 9 18 0 10 19 1 11 21 2
842.8900198975 14 25 0 15 26 1 13 23 2
843.8900871025 2 16 0 9 16 1 15 16 2
844.8900897875 8 21 0 7 20 1 4 21 2
844.8900999975 14 20 0 11 21 1 8 23 2
845.8900075525 2 29 0 6 29 1 9 29 2
845.8900717 14 27 0 13 26 1 13 26 2
845.8901059725 4 19 0 2 20 1 0 21 2
845.8901258025 6 27 0 9 26 1 12 26 2
846.89005178 4 19 0 2 17 1 0 17 2
847.89012671 9 19 0 11 24 1 13 28 2
848.8900462975 13 24 0 10 23 1 6 22 2
848.8900684975 12 16 0 9 21 1 6 27 2
849.890050145 5 30 0 5 26 1 4 22 2
850.89008702 7 29 0 3 29 1 0 29 2
850.89012914 3 31 0 9 31 1 13 29 2
852.8900055975 2 29 0 3 30 1 3 31 2
855.8900187325 4 23 0 8 21 1 12 20 2
855.8900361325 14 31 0 10 28 1 6 24 2
857.8900597475 9 21 0 11 20 1 12 19 2
859.8900386375 2 28 0 3 30 1 4 31 2
861.89005145 11 22 0 11 20 1 8 19 2
865.8901100875 10 16 0 11 17 1 12 19 2
865.89011022 3 21 0 6 20 1 10 20 2
866.8900720025 1 29 0 0 2 1 2 31 2
867.8900088875 4 17 0 5 17 1 4 15 2
867.89011969 13 16 0 13 19 1 7 22 2
868.89000157 12 21 0 11 20 1 9 19 2
873.890074395 11 29 0 13 26 1 15 28 2
873.8901107075 1 20 0 3 19 1 4 18 2
875.890124415 15 19 0 9 21 1 4 22 2
876.890126675 2 25 0 2 24 1 2 22 2
878.8900226 11 16 0 9 18 1 7 19 2
878.8900730425 9 27 0 12 24 1 15 21 2
879.8900486525 10 24 0 7 23 1 4 22 2
881.8900443725 2 31 0 5 31 1 7 31 2
883.8900238775 8 19 0 11 18 1 14 18 2
883.89007765 8 24 0 10 26 1 1 29 2
884.8900407875 12 31 0 13 31 1 14 31 2
884.89007622 14 28 0 9 25 1 6 22 2
884.890078375 11 31 0 8 30 1 8 28 2
884.89011268 12 31 0 9 31 1 7 30 2
884.8901150825 2 23 0 7 26 1 12 31 2
886.890129705 9 28 0 11 27 1 12 26 2
887.8900772175 2 22 0 2 21 1 2 21 2
888.8900592075 15 17 0 13 20 1 12 23 2
889.8900445525 6 26 0 8 27 1 11 28 2
889.8900921425 4 29 0 5 28 1 6 27 2
890.890023615 13 24 0 9 22 1 5 20 2
890.8900285125 13 20 0 11 18 1 9 17 2
890.8900327725 4 19 0 3 24 1 1 29 2
890.8901171075 13 31 0 13 29 1 12 27 2
891.890076895 15 29 0 10 26 1 4 23 2
892.8900427875 11 28 0 10 28 1 9 27 2
894.8900228675 11 30 0 9 27 1 7 24 2
894.890050755 2 20 0 7 22 1 11 26 2
895.89004128 1 27 0 4 27 1 6 27 2
895.8901205075 5 16 0 10 18 1 15 21 2
897.89002068 12 22 0 10 26 1 9 30 2
897.89005218 14 28 0 10 23 1 6 18 2
898.890046645 2 26 0 4 22 1 6 19 2
899.8901284725 3 29 0 8 30 1 13 31 2
901.89002145 7 27 0 6 27 1 5 27 2
901.8900532 6 27 0 6 25 1 5 24 2
902.89005862 3 29 0 3 26 1 2 22 2
902.8901113725 11 22 0 12 20 1 13 18 2
903.890083705 13 26 0 11 25 1 10 26 2
906.890035195 3 26 0 6 22 1 9 18 2
906.89008181 7 19 0 4 19 1 1 20 2
906.8901064125 8 24 0 8 27 1 7 30 2
906.8901023525 1 24 0 4 27 1 5 28 2
906.890125575 1 16 0 1 20 1 3 22 2
908.8900753075 13 20 0 8 25 1 4 29 2
909.8900362625 13 26 0 12 28 1 11 30 2
909.8900894825 8 21 0 9 24 1 10 28 2
910.890036205 3 16 0 5 18 1 7 20 2
910.8900606125 5 21 0 3 22 1 0 24 2
912.8900181925 7 16 0 6 21 1 5 27 2
913.8900913625 11 25 0 12 26 1 13 27 2
915.890014575 7 16 0 2 17 1 0 23 2
916.8900316875 11 26 0 11 24 1 10 22 2
922.890131895 4 22 0 6 22 1 8 24 2
923.8900547425 9 16 0 8 17 1 8 20 2
923.890070695 9 20 0 8 20 1 7 21 2
925.89001459 6 31 0 6 26 1 7 21 2
928.8900453475 12 16 0 14 16 1 15 17 2
932.8900257875 12 25 0 13 27 1 13 29 2
933.890040515 13 22 0 13 19 1 14 17 2
934.890035215 9 28 0 8 26 1 7 26 2
937.890019605 10 23 0 8 21 1 6 19 2
937.8900895225 9 20 0 12 22 1 15 21 2
937.8901081725 8 31 0 7 30 1 6 29 2
939.8900219 7 17 0 9 19 1 12 22 2
939.8900343975 5 22 0 4 27 1 4 31 2
940.8900292925 5 24 0 5 22 1 6 22 2
945.8900871275 2 17 0 1 22 1 0 28 2
948.8900971575 13 24 0 7 29 1 2 31 2
950.8900818 2 31 0 1 30 1 3 19 2
957.89012163 5 24 0 7 25 1 8 26 2
958.89005642 4 29 0 3 28 1 2 27 2
959.890014715 15 30 0 14 28 1 13 26 2
960.89006238 15 28 0 15 29 1 15 29 2
960.8901069525 4 16 0 9 22 1 14 28 2
960.890121335 9 23 0 9 20 1 10 18 2
961.890031655 13 28 0 7 24 1 2 21 2
961.89005683 6 28 0 8 27 1 8 27 2
961.8900552575 14 18 0 11 20 1 9 22 2
961.890093095 1 18 0 0 18 1 0 18 2
961.890091705 11 31 0 12 26 1 12 21 2
962.890057625 8 25 0 6 24 1 5 24 2
962.89011532 14 17 0 15 18 1 13 18 2
963.89003219 7 31 0 6 28 1 5 24 2
964.89006077 12 16 0 13 16 1 15 17 2
964.890073335 7 29 0 6 29 1 6 29 2
964.890103445 1 27 0 5 27 1 9 27 2
965.89011595 10 31 0 8 26 1 6 21 2
966.89003589 6 31 0 1 30 1 0 27 2
970.8900823175 8 29 0 7 23 1 7 17 2
971.8901096075 1 27 0 7 24 1 13 22 2
972.8901004 10 24 0 10 26 1 11 27 2
972.89012101 14 31 0 12 26 1 10 22 2
973.890067095 4 17 0 8 18 1 11 20 2
974.890070505 7 21 0 4 21 1 1 22 2
975.890003865 9 30 0 5 29 1 2 27 2
976.89005916 10 27 0 10 25 1 10 24 2
976.8901066475 5 26 0 4 26 1 4 27 2
977.8901041525 3 19 0 8 21 1 12 24 2
978.890109755 15 23 0 11 21 1 7 20 2
983.8900189 8 29 0 8 23 1 8 23 2
984.8900081325 5 23 0 6 25 1 8 27 2
985.890130065 1 23 0 6 26 1 13 21 2
985.8901277275 6 31 0 12 29 1 15 28 2
987.8900700475 5 23 0 9 22 1 13 21 2
991.890060215 13 19 0 12 23 1 11 28 2
991.89011211 4 19 0 8 18 1 12 17 2
994.8900289125 5 30 0 5 31 1 6 31 2
994.89010715 5 17 0 4 18 1 2 20 2
994.8901147375 6 28 0 4 29 1 2 30 2
995.890047205 15 24 0 13 18 1 11 23 2
995.89010511 7 21 0 3 18 1 0 16 2
995.8901109675 12 19 0 13 18 1 14 19 2
999.89006975 1 22 0 0 23 1 0 16 2
999.89007928 7 31 0 7 31 1 7 31 2
1000.8901122575 11 16 0 4 27 1 0 23 2
1001.890102735 9 27 0 10 27 1 10 27 2
1001.8901256125 7 25 0 4 26 1 2 27 2
1004.890017995 12 25 0 9 27 1 5 29 2
1004.8900562025 2 29 0 6 29 1 11 29 2
1004.8900674875 3 22 0 6 22 1 8 23 2
1007.89003829 1 25 0 3 23 1 3 22 2
1007.8901025375 2 24 0 5 23 1 8 16 2
1008.8900649075 12 25 0 13 24 1 13 24 2
1011.890077905 3 19 0 2 19 1 2 19 2
1013.890073605 3 25 0 7 23 1 11 18 2
1013.8900894775 7 18 0 7 16 1 8 16 2
1013.8900981775 6 19 0 2 17 1 0 16 2
1014.89005121 3 25 0 4 24 1 5 23 2
1016.8900207125 4 18 0 5 18 1 5 19 2
1018.8900269275 8 22 0 11 22 1 14 23 2
1021.8900334675 7 17 0 6 24 1 5 31 2
1022.8900632475 14 18 0 14 18 1 15 18 2
1024.8900302325 8 23 0 8 25 1 8 23 2
1024.89003393 15 19 0 12 18 1 8 18 2
1025.890096155 6 23 0 3 27 1 0 31 2
1026.8900167675 5 27 0 5 28 1 5 29 2
1027.89010048 14 23 0 13 25 1 12 28 2
1028.890041195 7 30 0 5 29 1 3 28 2
1029.8900379675 4 18 0 2 24 1 1 23 2
1029.89006744 8 25 0 7 27 1 6 30 2
1029.8900777 15 28 0 13 29 1 11 31 2
1029.8900923025 4 20 0 9 24 1 13 29 2
1031.890129225 9 28 0 5 28 1 2 21 2
1032.890076965 4 19 0 4 19 1 5 21 2
1032.89009668 2 29 0 5 29 1 8 29 2
1035.890037185 10 25 0 10 24 1 11 22 2
1036.89000336 7 30 0 5 28 1 4 26 2
1037.890109605 14 17 0 13 18 1 12 19 2
1041.890008925 10 19 0 10 20 1 10 22 2
1041.8900623325 10 23 0 6 27 1 0 31 2
1041.8900778325 2 22 0 12 21 1 8 28 2
1044.8900135125 7 22 0 10 24 1 12 26 2
1044.890091285 11 23 0 7 27 1 4 31 2
1044.8900998275 3 16 0 0 16 1 5 30 2
1050.89005661 1 16 0 5 18 1 9 20 2
1050.89008737 9 21 0 10 21 1 12 22 2
1051.8900507775 12 26 0 7 21 1 1 17 2
1052.89000599 4 19 0 7 19 1 10 20 2
1052.890092955 15 29 0 14 28 1 12 27 2
1053.89000272 15 26 0 14 26 1 15 23 2
1056.8900889725 12 24 0 11 26 1 10 28 2
1057.890067155 2 31 0 4 30 1 5 29 2
1057.890067925 7 21 0 7 25 1 7 31 2
1057.8900816725 1 17 0 1 16 1 2 16 2
1059.890012545 2 25 0 1 28 1 1 31 2
1059.89007456 1 22 0 4 23 1 6 26 2
1060.89006308 3 16 0 2 21 1 1 26 2
1060.890079865 13 18 0 7 21 1 1 24 2
1062.890033865 7 31 0 7 26 1 7 21 2
1062.89011374 5 28 0 4 22 1 3 16 2
1063.890060295 5 23 0 6 26 1 7 29 2
1063.8901039825 14 27 0 12 29 1 12 31 2
1064.8900511 9 24 0 3 25 1 11 27 2
1065.8901078975 8 28 0 10 25 1 11 24 2
1066.8901016675 4 28 0 3 29 1 2 29 2
1070.890022395 8 30 0 7 29 1 0 23 2
1070.89005209 9 30 0 9 26 1 9 21 2
1071.8900227275 3 24 0 4 26 1 5 28 2
1072.890049645 1 20 0 2 18 1 1 17 2
1074.8900137525 11 25 0 10 26 1 9 27 2
1074.8900170475 6 25 0 7 25 1 8 26 2
1076.890014225 9 31 0 9 30 1 8 29 2
1076.8900761875 14 22 0 14 22 1 13 23 2
1080.890006805 2 31 0 1 26 1 0 21 2
1080.89007336 7 21 0 7 23 1 8 26 2
1082.890120745 5 27 0 5 23 1 4 21 2
1086.8900757525 15 26 0 12 25 1 9 27 2
1087.89005716 10 20 0 9 22 1 8 24 2
1087.890067935 7 22 0 10 21 1 5 26 2
1087.8901210575 5 22 0 8 24 1 11 26 2
1088.8900470975 12 30 0 9 29 1 9 30 2
1089.890059535 11 26 0 10 23 1 9 22 2
1090.8901226275 15 30 0 15 28 1 15 26 2
1092.8900308825 1 28 0 5 27 1 9 27 2
1092.8900408575 12 17 0 7 18 1 2 19 2
1092.89006371 14 27 0 15 22 1 15 17 2
1092.890083395 5 29 0 6 28 1 6 27 2
1096.89003895 15 24 0 12 25 1 10 26 2
1097.8900885175 8 29 0 10 24 1 12 20 2
1099.8901119475 7 25 0 4 23 1 0 27 2
1100.89001949 14 16 0 12 16 1 11 16 2
1100.890093845 5 28 0 6 24 1 8 22 2
1101.8900102675 15 21 0 13 23 1 11 26 2
1101.89009106 5 29 0 9 28 1 12 28 2
1105.8900500225 15 30 0 14 28 1 12 27 2
1106.8900486325 11 23 0 11 21 1 11 20 2
1108.8900525825 5 22 0 3 25 1 1 28 2
1109.8900135775 11 18 0 11 19 1 11 20 2
1110.8800829525 12 24 0 12 21 1 11 18 2
1110.8800917375 15 24 0 13 20 1 11 17 2
1110.8801112225 15 25 0 12 24 1 10 24 2
1111.8901143325 1 15 0 8 17 1 15 17 2
1113.8901291475 7 27 0 8 27 1 10 27 2
1114.8800107075 11 26 0 8 26 1 4 26 2
1114.8800889075 1 29 0 0 25 1 0 24 2
1115.880050345 10 26 0 5 21 1 0 16 2
1115.88010725 4 27 0 3 31 1 2 31 2
1117.8800663075 4 23 0 4 26 1 4 29 2
1117.88009843 6 17 0 4 16 1 2 17 2
1118.8800716175 13 29 0 3 28 1 0 30 2
1119.88012367 8 21 0 6 23 1 5 26 2
1120.8800341625 1 27 0 1 27 1 0 28 2
1121.88001471 13 18 0 10 19 1 8 21 2
1121.8801051125 15 27 0 13 28 1 11 29 2
1121.8801146175 9 29 0 10 25 1 11 22 2
1122.8800385975 11 28 0 11 24 1 12 20 2
1122.880095995 4 21 0 3 18 1 1 16 2
1124.880032375 9 27 0 12 29 1 14 30 2
1124.880050245 9 28 0 11 26 1 13 24 2
1125.880033305 15 21 0 14 19 1 12 17 2
1125.880039285 9 24 0 12 26 1 15 27 2
1125.880043345 14 24 0 14 22 1 14 21 2
1130.8800995825 9 27 0 9 25 1 9 24 2
1130.880115535 12 20 0 10 20 1 7 20 2
1132.8800157375 3 31 0 4 30 1 5 29 2
1134.8801020675 15 26 0 14 27 1 12 29 2
1136.88002008 3 29 0 4 29 1 5 30 2
1136.8801194725 14 19 0 8 25 1 3 31 2
1138.880020955 8 17 0 7 21 1 7 26 2
1138.8800361875 11 16 0 7 21 1 3 27 2
1139.88009214 15 19 0 14 20 1 13 21 2
1140.880013625 8 22 0 5 23 1 2 24 2
1141.880053075 11 25 0 11 26 1 11 27 2
1142.8800536425 6 29 0 5 28 1 4 27 2
1143.8800019675 10 26 0 14 26 1 11 26 2
1143.8800105475 14 24 0 10 26 1 6 29 2
1143.88001788 9 18 0 9 16 1 6 16 2
1144.8801070875 13 19 0 13 17 1 12 16 2
1144.88010709 4 20 0 6 20 1 7 20 2
1145.880069835 10 28 0 11 27 1 11 26 2
1146.8801157225 6 21 0 6 21 1 5 21 2
1147.8800371325 5 31 0 8 29 1 10 27 2
1149.8800916375 12 24 0 12 21 1 12 18 2
1152.880098675 7 23 0 4 23 1 1 23 2
1152.8801220275 2 17 0 4 20 1 6 24 2
1154.880130785 8 26 0 8 26 1 8 27 2
1156.880032275 10 25 0 10 23 1 10 22 2
1156.8800906275 9 27 0 8 22 1 8 17 2
1156.8801057825 1 9 0 2 19 1 4 20 2
1156.880122365 12 29 0 10 26 1 8 23 2
1157.8800248 2 24 0 6 26 1 10 28 2
1157.8800614775 7 25 0 4 28 1 1 30 2
1162.88004019 13 18 0 9 23 1 4 28 2
1164.88003678 11 30 0 13 29 1 14 29 2
1167.880068675 4 26 0 4 28 1 4 29 2
1167.8801191725 4 24 0 5 23 1 5 22 2
1167.88011883 2 28 0 2 29 1 3 30 2
1168.8800954775 1 17 0 1 17 1 2 17 2
1169.8800661975 6 16 0 7 17 1 8 19 2
1169.8801027975 12 26 0 8 28 1 4 30 2
1171.8800557425 9 16 0 11 17 1 12 18 2
1172.8800763525 4 30 0 5 24 1 5 18 2
1173.8800316 7 22 0 4 25 1 2 23 2
1174.8800191525 14 30 0 13 29 1 11 28 2
1176.8800247475 15 25 0 15 28 1 14 31 2
1176.8801031375 11 24 0 11 20 1 11 17 2
1177.8801243 2 28 0 4 26 1 5 24 2
1178.880045635 5 31 0 7 30 1 9 29 2
1180.880079195 4 30 0 7 26 1 10 23 2
1182.880009255 9 25 0 9 22 1 8 20 2
1184.8801057325 8 28 0 12 23 1 15 19 2
1185.88005342 10 20 0 11 21 1 13 22 2
1185.88012639 9 28 0 11 26 1 12 23 2
1186.8800215275 13 17 0 14 16 1 15 16 2
1187.8801135175 2 26 0 1 23 1 0 21 2
1188.88007323 4 17 0 6 16 1 8 17 2
1192.8800928475 10 30 0 9 25 1 4 24 2
1193.880074815 11 24 0 10 19 1 9 16 2
1194.88009896 7 31 0 8 30 1 9 30 2
1195.8800301275 14 23 0 12 21 1 9 20 2
1199.8800904475 13 29 0 15 24 1 15 19 2
1200.88001001 15 16 0 15 18 1 15 21 2
1200.88002196 15 17 0 10 19 1 5 21 2
1200.88002473 3 22 0 3 25 1 2 28 2
1202.8800186975 4 19 0 3 25 1 3 31 2
1202.8800371275 12 28 0 9 23 1 6 19 2
1202.88009662 7 25 0 6 25 1 5 26 2
1202.8801099 13 16 0 11 16 1 9 17 2
1202.8801210475 5 18 0 4 19 1 3 21 2
1204.8800943275 14 28 0 11 28 1 8 28 2
1204.8801042475 2 20 0 7 24 1 12 29 2
1205.8800544275 7 21 0 6 19 1 5 17 2
1205.880089145 5 21 0 7 18 1 5 16 2
1206.880066505 11 29 0 6 28 1 1 27 2
1206.88008331 3 23 0 2 23 1 2 24 2
1207.88006135 13 25 0 12 25 1 11 27 2
1207.8800691025 4 22 0 6 25 1 7 28 2
1208.880101845 14 22 0 14 23 1 14 24 2
1208.8801138675 12 19 0 7 23 1 3 28 2
1211.8800800375 2 18 0 0 17 1 0 16 2
1211.880081965 8 25 0 7 25 1 4 24 2
1211.880099325 10 27 0 8 26 1 6 24 2
1215.88002926 4 31 0 3 29 1 3 28 2
1216.8801000025 2 16 0 6 17 1 10 19 2
1217.8800898175 15 27 0 13 26 1 11 24 2
1219.8800711525 7 25 0 8 24 1 8 24 2
1219.8801170425 6 27 0 7 23 1 8 19 2
1225.88001147 5 26 0 6 25 1 8 24 2
1226.88002185 5 16 0 6 16 1 7 16 2
1226.88012233 4 21 0 2 19 1 0 18 2
1227.88006747 9 31 0 5 24 1 3 21 2
1227.8801172925 1 27 0 7 26 1 13 26 2
1228.88008349 3 31 0 5 31 1 6 30 2
1229.8800023925 5 27 0 4 28 1 3 28 2
1229.8800471675 11 24 0 9 20 1 8 17 2
1229.88005509 7 29 0 7 24 1 7 26 2
1230.88002644 13 27 0 11 26 1 9 26 2
1230.880047405 6 20 0 4 18 1 2 17 2
1231.8800125525 4 20 0 3 20 1 3 20 2
1232.88002329 12 29 0 12 24 1 11 19 2
1232.88005659 10 23 0 6 23 1 1 24 2
1233.8800149875 11 21 0 13 18 1 15 16 2
1234.880059145 9 18 0 12 18 1 14 18 2
1236.88001536 13 24 0 11 21 1 9 19 2
1236.8801089525 3 26 0 6 26 1 10 27 2
1239.8800868075 8 19 0 8 19 1 9 19 2
1240.88009092 12 26 0 13 25 1 14 24 2
1242.880119905 11 16 0 13 19 1 15 23 2
1243.8801087625 6 25 0 4 24 1 2 23 2
1243.880113655 1 21 0 4 19 1 7 19 2
1243.88011678 3 16 0 2 19 1 3 22 2
1244.8800827 12 19 0 12 19 1 9 20 2
1244.88008764 13 29 0 11 29 1 12 29 2
1245.88003568 6 19 0 5 18 1 4 19 2
1246.8800340125 5 24 0 4 22 1 4 21 2
1247.88008004 8 22 0 5 18 1 2 16 2
1247.880101945 8 22 0 5 22 1 2 23 2
1249.8800192975 3 18 0 4 20 1 5 23 2
1249.880063035 2 24 0 1 24 1 1 24 2
1250.880106865 3 18 0 2 20 1 0 22 2
1251.8800335725 8 23 0 15 31 1 13 19 2
1252.88009155 6 21 0 7 26 1 9 30 2
1253.8800827175 9 18 0 9 17 1 10 16 2
1253.8801227225 3 24 0 5 21 1 8 18 2
1254.8801128925 9 28 0 13 28 1 15 28 2
1255.8801072075 11 16 0 12 17 1 12 19 2
1256.880054905 4 24 0 5 24 1 6 26 2
1256.8800836125 12 25 0 2 28 1 11 31 2
1257.8800627875 12 31 0 12 30 1 12 29 2
1258.8800279575 1 24 0 8 22 1 15 19 2
1258.880101 10 28 0 12 26 1 13 26 2
1260.8800799075 10 20 0 12 22 1 14 26 2
1260.8800888625 9 26 0 12 27 1 15 24 2
1260.880100035 5 29 0 5 29 1 7 31 2
1261.8800596675 15 31 0 11 26 1 6 22 2
1262.88010348 12 25 0 12 26 1 12 28 2
1263.8800270225 3 26 0 6 22 1 11 21 2
1264.880023365 2 31 0 7 26 1 12 21 2
1264.8800245875 10 23 0 13 26 1 15 29 2
1264.88005922 3 19 0 6 17 1 9 19 2
1267.880072985 10 31 0 7 26 1 0 22 2
1268.88007831 9 21 0 9 20 1 9 19 2
1268.8801165475 14 26 0 12 23 1 10 21 2
1270.88005938 2 26 0 2 25 1 2 24 2
1272.880043175 8 23 0 9 23 1 9 24 2
1272.880088925 3 20 0 2 18 1 0 18 2
1273.8801011725 1 24 0 8 23 1 15 24 2
1274.8800347725 10 16 0 9 16 1 9 17 2
1276.880013785 13 26 0 9 22 1 5 18 2
1276.8800939775 3 24 0 6 23 1 9 23 2
1280.8800797625 1 16 0 2 17 1 8 9 2
1280.880125275 6 24 0 6 27 1 7 28 2
1282.88003541 10 19 0 8 18 1 4 16 2
1283.8800294 7 31 0 4 26 1 0 22 2
1284.8800820125 3 21 0 2 20 1 1 20 2
1285.880068125 5 20 0 6 19 1 7 18 2
1287.88005982 12 17 0 12 16 1 12 16 2
1287.8800984375 15 22 0 12 25 1 9 29 2
1289.8800799225 2 22 0 2 22 1 1 22 2
1289.88010945 6 21 0 8 22 1 9 22 2
1290.8800324675 9 27 0 11 26 1 14 27 2
1296.880070845 7 26 0 10 27 1 13 29 2
1301.8800076275 7 16 0 8 18 1 9 19 2
1302.88003577 4 22 0 9 21 1 14 20 2
1304.88009147 15 25 0 13 26 1 11 27 2
1304.88012999 4 16 0 7 20 1 10 26 2
1306.88009979 9 19 0 11 20 1 12 21 2
1307.8800345525 3 29 0 9 24 1 15 19 2
1308.8801136375 13 16 0 14 16 1 15 17 2
1309.8800222925 7 18 0 5 21 1 4 24 2
1310.8800836625 6 24 0 11 25 1 15 26 2
1315.8800537075 12 31 0 11 27 1 10 23 2
1316.880112285 3 18 0 3 19 1 2 20 2
1317.88004522 7 16 0 2 23 1 1 26 2
1317.88011382 6 28 0 8 27 1 11 26 2
1319.8800538025 2 26 0 1 26 1 0 28 2
1320.8800565225 1 16 0 2 16 1 3 16 2
1321.880023165 11 27 0 12 28 1 13 29 2
1321.880034985 15 19 0 14 22 1 14 24 2
1321.88003564 7 23 0 4 24 1 1 26 2
1321.8801080075 6 26 0 2 25 1 1 21 2
1322.8801202025 11 25 0 11 25 1 11 26 2
1324.88011275 3 24 0 3 21 1 2 19 2
1325.880027105 10 28 0 11 28 1 12 28 2
1326.8800099525 7 24 0 9 23 1 8 26 2
1326.880108145 9 27 0 9 28 1 9 30 2
1327.8800942425 12 27 0 12 29 1 10 31 2
1328.8800020425 7 19 0 7 19 1 8 20 2
1328.880042415 15 27 0 12 27 1 10 28 2
1329.8800844875 6 25 0 9 29 1 13 31 2
1330.88003163 5 27 0 7 25 1 8 24 2
1331.8800543625 6 31 0 3 26 1 0 21 2
1331.8801341675 7 25 0 5 25 1 3 24 2
1332.88008919 4 22 0 2 20 1 2 16 2
1333.880067915 1 19 0 2 19 1 2 20 2
1334.880094265 10 30 0 11 29 1 12 29 2
1335.880003425 14 25 0 14 24 1 15 22 2
1335.880093305 2 26 0 2 21 1 2 17 2
1336.88006491 8 28 0 8 26 1 9 24 2
1336.880122345 8 25 0 9 27 1 10 30 2
1337.8800522725 12 21 0 10 25 1 8 29 2
1338.88008386 5 25 0 3 28 1 0 31 2
1345.880019735 6 21 0 11 17 1 15 16 2
1346.88006318 9 26 0 8 26 1 7 22 2
1347.8800937625 8 25 0 5 26 1 2 28 2
1349.880124045 3 23 0 2 25 1 0 28 2
1351.8800172 7 31 0 7 26 1 7 20 2
1353.88009437 14 22 0 14 20 1 15 19 2
1354.8800672325 5 16 0 5 18 1 7 20 2
1354.8801190225 11 31 0 12 27 1 12 23 2
1358.8800130625 11 21 0 13 19 1 15 17 2
1358.880048095 11 24 0 5 25 1 0 27 2
1360.88003916 6 20 0 4 20 1 2 20 2
1360.880096095 14 22 0 15 20 1 15 17 2
1361.8800950825 5 23 0 5 21 1 5 19 2
1362.880033445 5 26 0 6 23 1 7 20 2
1362.88012162 1 31 0 7 31 1 12 30 2
1363.8801144475 2 22 0 2 31 1 2 19 2
1364.8800465475 9 19 0 10 21 1 11 23 2
1364.8800784825 11 19 0 10 21 1 10 23 2
1366.8801226375 5 25 0 5 24 1 1 21 2
1367.8800578675 11 19 0 10 18 1 8 18 2
1369.8800353175 3 20 0 5 23 1 7 26 2
1370.880037945 6 17 0 7 19 1 8 23 2
1372.88005245 5 23 0 5 25 1 5 27 2
1372.8800614375 12 31 0 13 30 1 13 28 2
1372.8801055725 6 28 0 9 22 1 12 17 2
1374.88013067 3 29 0 4 28 1 6 27 2
1377.8801238 6 20 0 6 23 1 5 27 2
1379.8801232525 15 27 0 9 29 1 4 31 2
1379.8801242975 8 31 0 9 30 1 10 29 2
1381.8800162925 9 16 0 10 19 1 11 23 2
1382.8800247625 8 31 0 12 30 1 9 29 2
1383.88003302 9 19 0 8 19 1 6 20 2
1384.88001007 6 18 0 5 19 1 3 21 2
1389.880046815 10 20 0 11 23 1 13 24 2
1390.88001932 3 19 0 2 18 1 2 18 2
1390.88003477 9 16 0 10 16 1 11 16 2
1392.8800630575 9 18 0 8 19 1 6 20 2
1393.880091915 2 20 0 1 21 1 0 23 2
1395.88009289 2 23 0 5 24 1 8 26 2
1398.88010852 11 28 0 12 28 1 13 28 2
1400.88002623 6 19 0 5 20 1 4 22 2
1400.8800315325 7 25 0 6 23 1 5 20 2
1402.88005675 10 30 0 12 28 1 14 24 2
1403.880030835 14 31 0 6 30 1 0 28 2
1405.88001862 1 21 0 3 20 1 5 20 2
1405.880124575 14 19 0 11 19 1 8 19 2
1406.880028375 8 31 0 6 27 1 5 24 2
1406.88007088 9 20 0 9 21 1 9 22 2
1411.880040005 12 24 0 11 22 1 12 21 2
1412.8801021075 2 31 0 2 26 1 4 21 2
1412.8801157725 5 19 0 5 24 1 6 29 2
1413.8800094625 10 24 0 7 23 1 4 22 2
1413.880049895 7 24 0 5 23 1 2 23 2
1414.8800910925 11 25 0 12 24 1 13 23 2
1414.8801144525 6 24 0 6 20 1 7 16 2
1417.8800973 4 25 0 8 23 1 12 20 2
1418.880068015 12 20 0 7 19 1 2 19 2
1419.880010755 1 21 0 5 29 1 9 26 2
1421.88001881 11 16 0 6 24 1 3 30 2
1421.880064105 4 18 0 8 20 1 12 23 2
1422.8800494375 2 17 0 4 19 1 7 23 2
1424.88000956 11 26 0 7 28 1 4 31 2
1424.880130235 1 29 0 2 27 1 1 27 2
1425.8800329125 4 20 0 8 20 1 12 20 2
1425.88010612 11 30 0 11 28 1 11 26 2
1425.88012269 8 29 0 4 30 1 0 30 2
1427.8800827875 10 26 0 10 28 1 9 30 2
1427.880095895 7 29 0 8 28 1 8 27 2
1430.88004718 3 21 0 1 20 1 0 21 2
1430.8801252675 6 24 0 7 24 1 8 26 2
1432.8800029 12 31 0 13 25 1 8 27 2
1432.8800113625 12 16 0 10 20 1 9 24 2
1432.8800747825 6 24 0 9 19 1 12 17 2
1433.8800296325 5 16 0 5 16 1 5 17 2
1434.8800038375 3 22 0 1 24 1 0 26 2
1434.8800176775 7 29 0 6 30 1 5 30 2
1434.8800568425 14 24 0 13 26 1 11 29 2
1434.8801200825 7 31 0 6 28 1 5 26 2
1435.880106015 10 19 0 12 20 1 13 21 2
1437.8800235325 12 22 0 12 21 1 11 20 2
1438.8800022975 4 29 0 2 31 1 0 31 2
1438.8801014725 4 24 0 5 23 1 5 23 2
1438.8801251425 2 22 0 4 21 1 6 21 2
1438.8801325075 7 25 0 7 27 1 7 29 2
1440.88004958 12 28 0 12 26 1 11 24 2
1440.880052865 4 22 0 5 21 1 6 21 2
1440.880119395 5 17 0 5 20 1 6 23 2
1441.8800228 8 31 0 10 30 1 13 30 2
1441.8801266975 8 21 0 11 18 1 6 16 2
1442.880073065 9 28 0 10 28 1 12 28 2
1444.8800098675 13 24 0 12 23 1 10 27 2
1448.880121645 5 20 0 7 21 1 8 23 2
1449.8800514475 1 21 0 2 20 1 6 19 2
1450.8800256175 14 22 0 14 25 1 15 28 2
1450.880040235 10 17 0 9 18 1 9 19 2
1450.8800596525 7 28 0 7 29 1 7 30 2
1455.8800582025 3 26 0 7 21 1 11 16 2
1455.8800982325 14 22 0 9 20 1 5 24 2
1456.8800125675 14 31 0 14 28 1 14 24 2
1457.8800146 8 17 0 10 21 1 12 24 2
1458.8800276175 10 28 0 8 23 1 6 19 2
1458.880077925 3 27 0 9 24 1 14 21 2
1460.8800098525 8 24 0 5 28 1 1 31 2
1460.8800144125 14 24 0 11 20 1 9 16 2
1460.88007343 11 31 0 9 26 1 8 22 2
1460.88009285 15 27 0 13 27 1 11 26 2
1460.8801019775 7 27 0 9 29 1 10 31 2
1462.88000774 9 23 0 6 19 1 3 16 2
1462.8800709975 7 21 0 6 24 1 5 27 2
1463.8800966925 3 20 0 5 19 1 7 18 2
1464.880119705 2 18 0 5 19 1 8 21 2
1465.8800504175 10 25 0 10 26 1 11 27 2
1469.880019625 15 31 0 11 25 1 6 20 2
1469.8800421475 3 24 0 4 27 1 5 30 2
1469.8800650475 10 21 0 9 20 1 8 20 2
1469.88007904 10 23 0 12 23 1 13 24 2
1469.880113185 12 30 0 10 26 1 8 23 2
1470.88010844 14 30 0 14 23 1 13 17 2
1471.8801031875 15 31 0 15 31 1 15 31 2
1473.8800828025 9 16 0 7 16 1 4 17 2
1477.8801127 8 23 0 5 19 1 2 16 2
1478.88004203 15 20 0 11 22 1 8 24 2
1480.88005035 2 22 0 2 22 1 2 23 2
1480.8800488 6 22 0 9 19 1 13 17 2
1480.880070385 1 25 0 6 27 1 13 30 2
1482.8800710475 11 24 0 10 20 1 9 17 2
1483.8800519975 11 19 0 7 24 1 3 30 2
1484.88000858 8 27 0 5 27 1 2 27 2
1486.8800460825 11 31 0 13 27 1 14 24 2
1486.8801240325 11 30 0 10 29 1 9 29 2
1487.88009535 5 29 0 5 28 1 5 27 2
1488.880040905 4 31 0 4 30 1 3 31 2
1488.880098915 6 25 0 4 26 1 4 28 2
1489.8800963225 3 22 0 9 21 1 14 21 2
1494.8800992 1 27 0 4 25 1 8 22 2
1495.88004709 7 20 0 7 20 1 7 20 2
1495.880112735 4 29 0 5 26 1 5 23 2
1496.880094845 6 29 0 5 29 1 4 28 2
1499.8800637075 3 27 0 5 24 1 6 21 2
1499.880099585 10 28 0 9 28 1 9 26 2
1500.8800117175 7 19 0 11 20 1 13 22 2
1500.880015005 3 18 0 3 18 1 3 20 2
1502.88009563 5 21 0 9 20 1 13 20 2
1504.8800167425 1 21 0 3 20 1 3 20 2
1504.8800153825 15 16 0 14 17 1 13 16 2
1504.8801326225 12 25 0 13 25 1 15 26 2
1505.8800234325 8 24 0 10 20 1 12 17 2
1505.8800785525 6 20 0 2 20 1 5 24 2
1509.88001509 6 20 0 5 20 1 5 21 2
1509.88002199 5 27 0 7 28 1 8 29 2
1509.880060615 12 17 0 8 18 1 4 20 2
1510.8800223275 11 29 0 8 28 1 5 27 2
1510.8800410075 6 22 0 4 24 1 2 26 2
1510.8800513825 15 31 0 10 30 1 1 28 2
1511.880098735 4 26 0 7 25 1 10 24 2
1512.88001658 7 22 0 6 22 1 5 23 2
1512.880095805 11 30 0 11 25 1 10 20 2
1514.880023875 14 27 0 13 26 1 11 26 2
1514.8800353675 7 20 0 4 21 1 5 23 2
1515.8800320325 13 31 0 12 26 1 10 21 2
1518.88006478 8 21 0 11 21 1 13 21 2
1518.88012109 12 29 0 7 23 1 2 19 2
1519.8800536575 13 29 0 12 29 1 10 31 2
1519.88010844 15 21 0 12 21 1 9 22 2
1522.8800093875 9 28 0 11 26 1 13 24 2
1522.88002732 14 17 0 12 17 1 10 17 2
1522.880098045 1 29 0 3 29 1 4 29 2
1524.8800468925 9 29 0 11 25 1 14 17 2
1524.8801173275 12 21 0 12 19 1 11 20 2
1529.8800042725 14 21 0 12 21 1 11 21 2
1529.8800251675 3 21 0 2 21 1 1 22 2
1531.88001339 15 23 0 15 24 1 15 26 2
1532.8800363525 4 26 0 3 23 1 2 21 2
1533.8800485 11 28 0 7 26 1 4 27 2
1534.8800055725 9 17 0 9 21 1 8 26 2
1535.880071615 2 27 0 1 22 1 0 17 2
1536.8800960925 11 28 0 9 18 1 4 30 2
1537.88008843 1 24 0 2 22 1 3 22 2
1539.8801109225 1 26 0 1 25 1 2 29 2
1543.880091995 10 29 0 8 26 1 6 24 2
1544.8800635425 14 29 0 8 17 1 1 18 2
1544.8800822475 3 16 0 2 19 1 0 23 2
1546.88001586 11 28 0 12 22 1 12 19 2
1546.88003801 2 22 0 2 26 1 1 31 2
1546.8801017325 1 16 0 1 19 1 1 23 2
1547.88002047 13 22 0 14 21 1 14 20 2
1547.8800247925 3 17 0 3 18 1 3 19 2
1548.8800315575 12 28 0 9 25 1 7 24 2
1548.88012822 1 23 0 1 22 1 1 21 2
1552.8800111875 15 31 0 13 31 1 11 31 2
1552.8801016375 2 16 0 11 19 1 6 16 2
1554.8800968975 15 24 0 11 21 1 6 19 2
1554.88010639 10 28 0 8 24 1 5 20 2
1555.880009575 12 22 0 8 24 1 5 26 2
1555.88012192 2 21 0 3 20 1 3 18 2
1557.8800054975 7 27 0 4 28 1 0 30 2
1557.8800824 8 29 0 11 26 1 14 23 2
1558.8800207325 6 22 0 6 23 1 6 26 2
1559.8800560325 9 23 0 11 21 1 13 20 2
1562.880020595 1 26 0 3 28 1 5 31 2
1563.880036665 4 27 0 4 25 1 5 24 2
1563.88005251 5 21 0 3 23 1 1 27 2
1563.8800743675 6 20 0 10 23 1 14 26 2
1565.8801109925 3 28 0 2 27 1 0 24 2
1567.880036455 2 25 0 4 22 1 7 20 2
1567.88010015 10 30 0 11 27 1 13 24 2
1569.8800769025 3 27 0 3 26 1 4 24 2
1570.8800725725 6 30 0 3 31 1 0 31 2
1571.880041195 13 30 0 11 27 1 9 26 2
1571.880079295 12 30 0 12 28 1 14 27 2
1572.88005171 15 21 0 14 21 1 12 21 2
1573.8800894425 14 16 0 7 19 1 0 24 2
1574.880011715 1 20 0 1 22 1 1 24 2
1574.88007968 1 23 0 0 19 1 0 16 2
1575.8800803075 6 20 0 8 20 1 10 21 2
1576.880086955 11 26 0 12 25 1 13 24 2
1576.8801311525 11 20 0 10 17 1 9 16 2
1579.880005905 7 28 0 4 28 1 1 29 2
1580.8801255975 2 17 0 3 21 1 3 26 2
1580.880124035 8 27 0 4 25 1 0 24 2
1581.8800071425 1 22 0 11 22 1 1 22 2
1582.880059335 8 29 0 7 26 1 6 24 2
1582.880090175 10 20 0 10 20 1 10 20 2
1582.8801016375 8 29 0 8 24 1 15 16 2
1583.880046295 8 20 0 9 21 1 14 22 2
1587.880031595 12 18 0 8 22 1 15 27 2
1588.8800522675 4 31 0 4 30 1 5 28 2
1591.8800833 7 31 0 6 29 1 5 28 2
1593.880029915 2 16 0 2 20 1 1 26 2
1593.880076025 9 16 0 8 17 1 6 19 2
1595.8800157725 13 31 0 9 20 1 0 26 2
1595.8800356575 11 30 0 9 23 1 6 17 2
1598.880048015 12 31 0 12 31 1 13 30 2
1598.880058115 2 30 0 1 31 1 0 31 2
1602.8800791825 10 28 0 7 29 1 3 30 2
1602.8801224175 1 21 0 2 24 1 3 27 2
1608.8800448575 3 26 0 3 28 1 3 31 2
1608.880056405 1 26 0 3 22 1 5 18 2
1608.880091225 7 20 0 13 22 1 15 23 2
1608.8801006375 11 22 0 7 22 1 3 23 2
1610.880034245 7 18 0 9 17 1 11 18 2
1610.88005792 2 20 0 5 19 1 8 21 2
1612.88006814 6 28 0 4 22 1 3 27 2
1613.88007489 11 17 0 12 16 1 14 16 2
1615.880026275 1 18 0 2 17 1 3 18 2
1616.88003263 7 23 0 5 25 1 3 27 2
1617.880114335 1 25 0 6 19 1 11 16 2
1619.8800352125 11 29 0 7 29 1 3 29 2
1620.880005535 13 20 0 9 17 1 5 16 2
1620.8800646675 11 28 0 7 25 1 3 22 2
1620.88009202 3 19 0 3 21 1 3 24 2
1620.8800930675 12 25 0 12 21 1 12 17 2
1621.880032665 13 29 0 12 24 1 10 20 2
1625.880047625 5 20 0 5 21 1 6 22 2
1625.88006452 15 23 0 9 26 1 3 24 2
1626.8800607225 5 31 0 9 30 1 10 27 2
1626.88012553 5 26 0 4 21 1 3 17 2
1628.880042895 15 17 0 7 23 1 0 29 2
1630.8800746025 5 19 0 12 24 1 14 23 2
1630.8801232375 12 21 0 12 20 1 12 19 2
1633.8801066825 1 29 0 4 27 1 6 19 2
1634.88001957 11 22 0 10 21 1 10 21 2
1634.88011645 8 25 0 8 24 1 8 24 2
1636.88003453 6 21 0 7 19 1 8 19 2
1636.8801075275 7 27 0 9 26 1 12 24 2
1637.8800796675 12 19 0 11 18 1 10 17 2
1641.8800104975 1 26 0 1 20 1 4 16 2
1641.8800202525 4 16 0 3 21 1 1 26 2
1641.880065255 9 19 0 5 20 1 2 21 2
1641.880114775 8 21 0 12 20 1 15 20 2
1644.8800376375 15 16 0 14 16 1 13 17 2
1647.8800692325 5 29 0 6 31 1 7 26 2
1647.8801126225 12 20 0 14 19 1 15 20 2
1649.8800988225 9 24 0 8 22 1 7 19 2
1650.8800574375 5 22 0 3 20 1 1 18 2
1650.8801000075 13 19 0 10 24 1 6 29 2
1650.8801100475 5 28 0 3 25 1 2 23 2
1651.8800590725 9 26 0 11 26 1 12 23 2
1651.8800769975 7 31 0 8 25 1 9 19 2
1651.8800871225 5 30 0 4 28 1 3 26 2
1653.8800206175 14 22 0 14 19 1 14 16 2
1653.8800249875 2 25 0 3 20 1 4 16 2
1653.8800225975 12 31 0 11 28 1 11 26 2
1654.8800757475 9 28 0 10 27 1 11 26 2
1655.880118485 10 22 0 10 26 1 11 30 2
1658.8800160675 14 18 0 15 16 1 15 17 2
1659.8801059925 1 25 0 4 22 1 8 19 2
1661.880046765 7 30 0 9 30 1 10 31 2
1661.880042945 5 27 0 4 23 1 4 20 2
1661.8800660475 13 20 0 10 17 1 7 16 2
1664.88010829 10 16 0 12 18 1 15 22 2
1664.8801176175 4 27 0 6 26 1 9 24 2
1665.880046405 15 20 0 13 19 1 10 19 2
1666.8800877075 1 28 0 1 30 1 4 30 2
1666.880085825 5 30 0 3 31 1 0 31 2
1666.880120275 12 22 0 11 24 1 10 27 2
1668.880025345 6 24 0 5 25 1 3 28 2
1668.88003263 11 28 0 10 27 1 9 26 2
1668.88008491 5 29 0 3 23 1 1 17 2
1669.880106695 6 24 0 3 24 1 0 24 2
1673.8800654675 15 24 0 13 24 1 11 23 2
1673.88008625 12 31 0 13 24 1 14 16 2
1674.8800306075 5 27 0 7 26 1 9 26 2
1674.88006657 9 21 0 6 20 1 2 19 2
1675.88004752 6 31 0 6 23 1 6 16 2
1678.8800050525 8 28 0 4 28 1 1 28 2
1678.8801117775 5 22 0 9 21 1 12 21 2
1681.8800243875 13 28 0 9 25 1 4 21 2
1683.8800867425 9 16 0 9 17 1 11 20 2
1685.8800699975 3 27 0 6 26 1 9 29 2
1685.88010287 10 22 0 10 23 1 9 24 2
1687.8800421175 14 24 0 15 23 1 15 21 2
1687.880119835 6 28 0 6 25 1 7 22 2
1688.880126505 2 25 0 1 25 1 2 22 2
1690.8801097725 12 26 0 11 25 1 10 24 2
1692.8800881625 10 24 0 11 23 1 12 22 2
1692.88009103 8 23 0 11 18 1 13 16 2
1692.88010124 7 27 0 5 25 1 14 27 2
1693.880079925 6 31 0 6 31 1 5 31 2
1693.8800840725 9 30 0 9 30 1 9 29 2
1694.8800780725 15 25 0 12 26 1 12 28 2
1695.88011294 12 24 0 9 29 1 3 29 2
1696.8800949625 5 21 0 4 19 1 4 24 2
1696.8801169 7 21 0 2 21 1 1 24 2
1698.8801193575 6 17 0 5 18 1 6 21 2
1698.880125455 10 31 0 10 30 1 11 29 2
1699.880035845 10 16 0 10 18 1 10 21 2
1699.8800976325 10 23 0 11 25 1 11 27 2
1700.8800666875 1 31 0 5 30 1 9 29 2
1700.8801286675 12 25 0 9 25 1 8 20 2
1701.8800525725 12 25 0 7 20 1 2 16 2
1705.8801128475 10 26 0 7 21 1 4 16 2
1706.8800265575 13 29 0 12 26 1 10 24 2
1707.8801164375 8 26 0 7 24 1 6 21 2
1708.8800471475 8 16 0 7 21 1 6 26 2
1708.8801242475 4 20 0 3 18 1 3 17 2
1709.8801231325 6 26 0 9 26 1 13 27 2
1711.88000454 8 31 0 9 28 1 10 26 2
1712.8800929225 4 19 0 2 21 1 7 18 2
1715.880108735 6 17 0 8 24 1 10 31 2
1715.880125735 6 25 0 10 21 1 13 24 2
1717.8800449 5 26 0 8 27 1 12 29 2
1717.8800441075 13 30 0 13 29 1 13 27 2
1718.8800335175 13 21 0 8 26 1 2 31 2
1719.8800220375 1 18 0 4 16 1 7 16 2
1719.880089745 12 19 0 8 19 1 6 21 2
1720.880060155 11 27 0 12 28 1 13 29 2
1722.8800901025 3 21 0 3 21 1 4 21 2
1724.8800840525 2 17 0 5 17 1 8 18 2
1724.88011911 2 30 0 7 31 1 7 31 2
1725.88011183 13 17 0 12 18 1 12 19 2
1726.88002695 10 26 0 9 25 1 8 24 2
1727.880021425 8 25 0 5 21 1 2 18 2
1730.880007775 4 27 0 3 25 1 2 23 2
1730.8800308725 2 20 0 3 18 1 4 18 2
1730.88008452 5 19 0 10 21 1 15 23 2
1730.8801120425 1 9 0 4 21 1 7 24 2
1730.88012042 10 19 0 11 19 1 11 19 2
1731.88010169 12 16 0 14 19 1 11 21 2
1732.88009899 3 22 0 4 22 1 5 24 2
1734.8800706075 5 18 0 6 20 1 8 22 2
1736.8800899875 7 28 0 5 30 1 3 31 2
1736.8800975775 15 19 0 13 21 1 12 26 2
1739.88003511 13 29 0 10 26 1 7 23 2
1739.880132855 13 16 0 11 20 1 9 28 2
1743.880032175 13 29 0 11 28 1 10 27 2
1743.88003838 15 16 0 12 16 1 10 16 2
1743.880049115 15 29 0 11 24 1 5 24 2
1744.880030915 4 31 0 4 30 1 4 29 2
1744.880112005 5 21 0 3 22 1 2 24 2
1745.8800399775 13 23 0 13 25 1 12 28 2
1745.88005205 2 20 0 5 18 1 8 16 2
1745.8801039025 13 24 0 10 25 1 7 27 2
1746.8800518625 5 28 0 5 28 1 4 29 2
1747.88002592 10 22 0 11 22 1 11 23 2
1751.88004205 11 31 0 13 29 1 14 28 2
1751.88009815 7 16 0 7 17 1 8 19 2
1752.8800941125 6 21 0 9 24 1 12 28 2
1754.8800691075 15 17 0 14 16 1 14 17 2
1760.8800422175 14 22 0 12 24 1 9 26 2
1760.88011817 5 28 0 5 24 1 4 19 2
1761.88003475 4 30 0 7 30 1 9 30 2
1763.8800081875 6 22 0 3 22 1 1 24 2
1763.880121985 8 23 0 6 19 1 5 16 2
1764.8800452125 2 20 0 1 21 1 1 22 2
1764.88005649 13 27 0 12 26 1 11 26 2
1764.8800922725 9 18 0 6 19 1 3 22 2
1764.880107925 13 22 0 8 25 1 3 28 2
1769.8800729975 8 20 0 6 20 1 5 21 2
1769.880094425 2 16 0 2 23 1 2 29 2
1769.8801027025 5 25 0 4 20 1 2 17 2
1770.880006335 13 19 0 14 17 1 14 16 2
1770.88005017 5 21 0 4 21 1 3 22 2
1771.88005273 10 26 0 8 26 1 5 27 2
1771.88009174 11 29 0 6 22 1 0 16 2
1773.88000862 7 31 0 5 30 1 2 29 2
1773.880022365 9 28 0 7 29 1 5 29 2
1773.8800308075 9 23 0 10 27 1 11 31 2
1773.8800423475 8 29 0 12 27 1 15 26 2
1773.8800990225 8 26 0 8 29 1 8 31 2
1776.8800306575 12 19 0 13 20 1 15 20 2
1779.8800818675 10 20 0 12 20 1 3 22 2
1784.8800385025 1 28 0 8 30 1 14 29 2
1784.8800600175 6 17 0 3 18 1 1 20 2
1785.8800977075 6 23 0 5 24 1 4 24 2
1789.880051275 3 20 0 2 20 1 1 22 2
1791.88002391 7 27 0 11 29 1 15 31 2
1791.8800402025 12 23 0 12 20 1 12 17 2
1793.8800695425 1 23 0 1 22 1 1 22 2
1794.8800460375 6 19 0 3 19 1 0 20 2
1794.8800888825 13 29 0 13 28 1 12 27 2
1795.880077265 13 28 0 3 28 1 0 27 2
1796.8800415525 3 25 0 5 27 1 7 30 2
1796.880076445 9 19 0 5 18 1 1 18 2
1797.88003009 13 28 0 13 29 1 12 31 2
1798.880068605 15 26 0 8 27 1 0 29 2
1799.8800952925 2 19 0 3 20 1 4 22 2
1800.88010821 14 23 0 11 26 1 9 29 2
1801.8800167175 15 26 0 14 23 1 12 20 2
1801.8800454 7 21 0 6 21 1 6 23 2
1801.880075635 15 24 0 15 24 1 15 24 2
1801.8801144125 7 23 0 9 20 1 11 17 2
1801.880122515 7 25 0 5 24 1 2 24 2
1802.8800600425 12 17 0 14 17 1 15 19 2
1802.8800945375 15 17 0 15 16 1 14 17 2
1803.88005755 1 22 0 4 16 1 9 21 2
1806.88002019 12 25 0 12 21 1 12 18 2
1807.88011679 12 28 0 9 28 1 7 28 2
1808.880052765 8 23 0 11 21 1 15 20 2
1813.8800447425 2 19 0 6 24 1 9 31 2
1813.8800680325 11 25 0 10 27 1 8 30 2
1815.880031025 13 20 0 13 20 1 10 21 2
1815.880094325 3 27 0 5 29 1 7 31 2
1817.8800707775 3 29 0 6 27 1 9 26 2
1817.8801302075 1 29 0 3 27 1 6 27 2
1820.8800270725 8 26 0 6 28 1 3 31 2
1824.88009246 13 23 0 6 26 1 0 30 2
1826.88002041 6 27 0 11 22 1 15 17 2
1826.880113835 3 16 0 4 21 1 6 28 2
1827.880119145 15 29 0 14 27 1 14 26 2
1827.88012051 10 27 0 11 26 1 14 29 2
1828.8800275825 1 21 0 5 20 1 6 20 2
1830.880046315 7 21 0 11 18 1 14 30 2
1833.880062785 11 22 0 13 24 1 15 27 2
1834.88001639 12 16 0 12 23 1 12 31 2
1835.880067415 2 20 0 1 19 1 0 17 2
1836.8800892 5 30 0 5 28 1 4 26 2
1837.88001563 2 17 0 3 19 1 4 23 2
1838.88005273 3 25 0 6 21 1 9 19 2
1838.8801073075 6 29 0 5 30 1 4 31 2
1840.8800081075 2 31 0 4 26 1 6 22 2
1840.8800249525 12 16 0 12 17 1 11 17 2
1840.880125045 9 27 0 11 25 1 12 23 2
1842.8800748725 3 16 0 7 17 1 10 20 2
1842.8801160725 6 20 0 9 20 1 12 21 2
1842.8801314525 4 27 0 2 29 1 1 31 2
1843.8800445725 5 20 0 6 20 1 8 20 2
1843.8800907125 9 23 0 9 23 1 9 23 2
1844.880084945 6 26 0 5 27 1 5 27 2
1844.8801116675 8 22 0 9 25 1 11 28 2
1845.88001643 1 24 0 7 21 1 13 19 2
1846.8800679 2 23 0 4 26 1 4 28 2
1846.88010641 10 25 0 9 20 1 7 16 2
1846.8801091375 14 17 0 11 16 1 7 16 2
1848.8800301125 4 29 0 4 26 1 4 23 2
1852.88007173 4 28 0 5 27 1 7 26 2
1854.8801121125 13 28 0 8 26 1 3 24 2
1856.8801149 13 21 0 10 22 1 6 23 2
1860.880103375 1 21 0 5 19 1 8 17 2
1861.8800525775 10 31 0 8 30 1 6 28 2
1861.8800793125 3 25 0 3 26 1 4 28 2
1863.8800389425 8 29 0 11 29 1 13 29 2
1865.880073275 12 30 0 14 28 1 15 27 2
1866.8800037975 11 19 0 12 17 1 12 16 2
1866.880045235 11 21 0 9 25 1 8 28 2
1869.8800498375 8 25 0 7 24 1 7 24 2
1869.88008481 5 18 0 6 19 1 7 22 2
1871.8800104725 10 20 0 10 25 1 10 30 2
1871.8801127625 15 30 0 14 31 1 13 31 2
1872.8800735975 14 31 0 14 25 1 15 20 2
1872.8801147775 13 22 0 11 21 1 8 21 2
1873.880118305 15 19 0 12 21 1 9 24 2
1877.8800462775 7 28 0 5 29 1 2 29 2
1878.8800856225 8 24 0 11 21 1 13 19 2
1882.8800204125 11 30 0 7 28 1 2 26 2
1883.88008631 7 16 0 10 17 1 13 19 2
1884.88008691 7 23 0 9 28 1 9 31 2
1885.8801308725 13 22 0 13 25 1 14 29 2
1889.88006562 13 30 0 11 29 1 9 28 2
1890.8800165625 11 22 0 10 21 1 8 22 2
1891.8800088025 4 21 0 5 22 1 6 24 2
1891.88004653 11 20 0 9 21 1 7 23 2
1892.8800636175 13 30 0 12 30 1 11 31 2
1896.8800210375 1 26 0 3 22 1 4 19 2
1897.880091765 7 25 0 8 26 1 8 26 2
1900.8801118825 10 17 0 7 17 1 4 17 2
1901.8800491625 6 24 0 6 24 1 6 24 2
1902.8800537175 14 18 0 13 21 1 12 24 2
1903.8800621925 8 27 0 7 28 1 5 29 2
1905.88001336 9 16 0 12 16 1 15 16 2
1906.88003186 12 21 0 6 20 1 1 22 2
1906.8800517375 8 28 0 7 25 1 7 22 2
1906.8800602025 13 29 0 13 29 1 14 29 2
1906.8800980625 9 25 0 6 25 1 2 26 2
1907.8800616475 3 29 0 3 23 1 2 17 2
1910.8800254975 4 29 0 5 28 1 7 27 2
1910.8800885925 3 22 0 2 24 1 0 27 2
1910.8801013875 13 19 0 14 27 1 15 28 2
1911.880051275 10 24 0 9 23 1 7 22 2
1912.8801024025 9 29 0 10 27 1 11 26 2
1912.880106905 12 26 0 8 28 1 3 30 2
1913.8800096825 11 27 0 12 25 1 15 31 2
1913.880129535 11 20 0 12 17 1 12 16 2
1914.8800510025 15 16 0 13 18 1 12 20 2
1915.8800232625 12 20 0 8 23 1 4 27 2
1915.8800958925 1 8 0 6 23 1 12 21 2
1918.8800293875 3 26 0 5 26 1 8 27 2
1918.880036275 6 29 0 4 28 1 1 27 2
1920.88007592 11 28 0 9 28 1 8 29 2
1920.8800996425 5 16 0 5 16 1 4 16 2
1921.8800826925 5 28 0 5 29 1 4 30 2
1922.88006633 7 16 0 8 19 1 10 21 2
1922.8800975275 13 27 0 13 28 1 13 29 2
1923.8800273475 13 16 0 6 16 1 11 17 2
1924.8800077625 12 21 0 13 20 1 15 19 2
1924.8800370275 6 25 0 8 22 1 11 19 2
1925.880018445 8 25 0 6 22 1 4 20 2
1926.88007789 6 26 0 7 28 1 7 30 2
1928.8801039625 1 24 0 3 22 1 4 21 2
1930.880049575 5 21 0 7 20 1 8 20 2
1930.8800844825 5 28 0 7 29 1 10 31 2
1933.88001636 9 17 0 12 20 1 15 23 2
1933.88004569 4 29 0 6 29 1 8 30 2
1933.8800817875 3 20 0 6 21 1 9 21 2
1934.8800720525 13 20 0 14 25 1 15 31 2
1936.8800483275 8 23 0 11 23 1 14 24 2
1938.88002327 15 27 0 15 29 1 15 30 2
1938.8800293925 14 17 0 8 20 1 3 24 2
1939.880103845 8 27 0 5 20 1 1 29 2
1940.8800310825 3 18 0 2 17 1 0 17 2
1940.88007854 8 19 0 9 23 1 11 28 2
1940.88011861 6 28 0 5 26 1 4 26 2
1941.88005984 1 20 0 2 19 1 2 19 2
1945.8800416575 15 24 0 10 22 1 5 22 2
1945.8800799875 7 17 0 5 20 1 5 24 2
1946.880132445 13 20 0 13 21 1 13 23 2
1947.88009485 15 20 0 12 21 1 8 24 2
1951.88009873 6 20 0 8 19 1 9 19 2
1953.88007709 9 26 0 8 27 1 7 29 2
1954.8800364275 8 22 0 8 19 1 9 17 2
1954.8800346275 13 18 0 7 17 1 0 16 2
1954.8801269725 4 21 0 4 23 1 4 26 2
1957.8801155 4 21 0 3 20 1 1 20 2
1960.8800098775 4 16 0 4 17 1 5 19 2
1961.8800303825 15 27 0 12 19 1 12 16 2
1961.8800503975 6 30 0 6 29 1 5 28 2
1962.88002886 14 21 0 14 24 1 14 27 2
1963.88002093 15 20 0 15 21 1 14 23 2
1963.8800248675 2 29 0 5 27 1 8 24 2
1963.8801159425 15 18 0 15 23 1 14 29 2
1965.88002022 3 16 0 3 18 1 4 21 2
1965.8800744875 9 19 0 9 18 1 8 18 2
1966.880008805 11 20 0 13 20 1 15 20 2
1967.8800182925 2 28 0 4 28 1 6 27 2
1967.8800923475 10 26 0 10 28 1 10 31 2
1969.88005167 3 17 0 7 16 1 12 16 2
1970.8800538725 5 28 0 3 29 1 3 31 2
1971.880089635 3 28 0 2 23 1 1 18 2
1971.88010936 11 20 0 6 23 1 1 26 2
1973.88004038 14 19 0 10 20 1 6 22 2
1973.880043965 9 23 0 10 20 1 11 18 2
1974.8800130025 2 22 0 2 25 1 2 27 2
1976.8800920275 1 19 0 7 24 1 11 31 2
1977.8800134275 7 21 0 6 22 1 6 23 2
1977.880110585 7 19 0 5 18 1 2 17 2
1977.8801101875 13 26 0 14 24 1 15 22 2
1980.8801089875 13 27 0 9 26 1 5 26 2
1980.8801133725 11 26 0 9 28 1 7 30 2
1981.880001275 3 22 0 1 21 1 0 21 2
1981.880103135 5 24 0 5 23 1 5 22 2
1981.8801171475 9 20 0 11 23 1 13 27 2
1982.8800206725 9 19 0 7 21 1 10 24 2
1983.8800640875 13 26 0 13 26 1 13 27 2
1985.880038725 13 23 0 8 19 1 3 16 2
1985.880059315 6 22 0 4 24 1 2 27 2
1985.880060495 11 22 0 11 20 1 11 18 2
1986.8800254975 15 25 0 14 27 1 13 30 2
1986.8800479075 6 17 0 6 16 1 6 16 2
1986.8801047775 3 19 0 5 27 1 6 30 2
1986.8801060275 7 19 0 7 20 1 6 22 2
1988.880097065 10 21 0 10 25 1 11 29 2
1988.88012115 14 16 0 9 21 1 4 27 2
1989.8801204625 7 17 0 8 19 1 9 22 2
1990.8801249975 8 22 0 8 24 1 11 28 2
1993.8800437175 8 16 0 9 16 1 10 16 2
1993.880050015 5 25 0 4 23 1 4 24 2
1994.880022045 9 28 0 10 16 1 0 20 2
1996.88002584 5 25 0 3 22 1 1 20 2
1996.8801281125 15 21 0 15 20 1 15 18 2
1998.88000989 13 19 0 9 23 1 5 27 2
1998.880047555 4 24 0 4 23 1 5 22 2
1999.8800123325 10 30 0 9 29 1 7 28 2
2002.8800473425 7 20 0 6 18 1 6 17 2
2004.8800102975 1 21 0 7 25 1 12 30 2
2004.8801126975 7 17 0 8 17 1 9 17 2
2005.880077395 11 30 0 11 30 1 11 29 2
2006.8800203625 4 21 0 7 20 1 10 22 2
2009.880014425 8 19 0 8 17 1 9 16 2
2009.8800478725 1 28 0 8 29 1 15 30 2
2009.8801183775 13 17 0 10 24 1 11 29 2
2010.8800358925 11 23 0 11 25 1 11 28 2
2012.8800181225 5 26 0 5 24 1 4 23 2
2012.880100785 8 25 0 3 23 1 1 21 2
2013.88003866 12 28 0 7 26 1 4 24 2
2016.8800526625 8 25 0 9 27 1 10 28 2
2017.8801090975 6 24 0 4 24 1 2 26 2
2017.8801305925 4 16 0 4 16 1 3 16 2
2018.88003505 14 19 0 14 24 1 14 19 2
2019.8801088775 4 21 0 5 20 1 5 20 2
2020.8800419525 7 16 0 8 21 1 8 27 2
2021.88004937 8 24 0 4 26 1 4 28 2
2021.8800590275 2 24 0 6 25 1 14 27 2
2022.8800486875 4 27 0 10 28 1 15 29 2
2022.8800648525 11 26 0 13 28 1 14 31 2
2022.880084475 15 30 0 15 29 1 15 23 2
2022.8801288875 9 31 0 11 31 1 13 30 2
2024.8800441575 2 17 0 6 16 1 5 16 2
2025.8800630025 7 17 0 7 17 1 8 18 2
2025.8801140775 11 25 0 9 24 1 5 26 2
2026.8800193125 5 17 0 7 19 1 9 22 2
2026.880020635 14 16 0 11 21 1 8 26 2
2028.8800626475 13 20 0 10 17 1 7 16 2
2031.88005173 13 31 0 9 31 1 6 29 2
2032.88005207 11 20 0 8 18 1 5 17 2
2032.88010638 4 23 0 8 26 1 13 29 2
2033.88011819 6 27 0 3 27 1 1 27 2
2035.88004535 15 19 0 15 17 1 15 16 2
2035.88009774 10 22 0 9 22 1 8 22 2
2037.8800075375 12 23 0 10 23 1 9 24 2
2037.88010783 6 21 0 8 21 1 10 21 2
2039.8800636475 9 24 0 4 24 1 0 24 2
2040.880030695 4 21 0 3 21 1 0 19 2
2040.8800887475 10 21 0 6 18 1 4 16 2
2040.880094855 9 20 0 8 18 1 7 18 2
2040.8800936475 15 31 0 10 24 1 5 17 2
2040.880098095 10 17 0 9 17 1 8 18 2
2041.880074805 13 16 0 9 22 1 10 17 2
2044.880046045 10 29 0 5 24 1 0 19 2
2045.88002076 9 23 0 7 22 1 6 23 2
2045.880067455 6 26 0 4 25 1 3 24 2
2050.8800293575 8 30 0 11 28 1 14 26 2
2050.880083955 4 27 0 6 29 1 8 31 2
2050.8801063375 4 24 0 8 23 1 12 22 2
2051.88008036 4 24 0 9 24 1 14 24 2
2052.8800096175 9 26 0 10 27 1 11 28 2
2054.8800109075 4 28 0 4 26 1 3 24 2
2055.880025215 8 30 0 10 26 1 12 22 2
2056.880072885 14 18 0 14 21 1 15 24 2
2056.8800675475 4 25 0 8 26 1 15 23 2
2057.88009414 12 24 0 12 22 1 12 20 2
2058.8800562325 6 16 0 10 21 1 14 27 2
2059.8800555075 13 27 0 11 28 1 9 30 2
2060.880075015 1 22 0 2 23 1 4 11 2
2061.8800853725 5 30 0 8 31 1 11 31 2
2061.880092615 6 31 0 11 25 1 15 20 2
2062.880107905 13 25 0 12 23 1 11 21 2
2062.8801145475 2 31 0 4 27 1 6 24 2
2063.8800118075 1 16 0 3 17 1 4 18 2
2065.880086665 9 27 0 7 22 1 6 17 2
2067.8800273975 8 17 0 10 17 1 13 18 2
2067.8800679825 9 17 0 9 16 1 7 18 2
2070.88006536 10 23 0 9 25 1 8 28 2
2070.88009981 12 27 0 11 28 1 10 31 2
2071.88011732 8 25 0 8 23 1 8 22 2
2071.8801161725 11 21 0 5 23 1 0 26 2
2073.8800381 2 29 0 8 31 1 13 27 2
2074.88002461 6 24 0 10 25 1 15 26 2
2075.8800344225 5 29 0 5 29 1 4 28 2
2076.880040605 5 25 0 10 24 1 14 23 2
2076.880058315 7 23 0 7 25 1 7 28 2
2076.8801153975 8 22 0 10 21 1 11 20 2
2078.880072955 8 30 0 4 29 1 0 29 2
2078.88008996 9 28 0 11 29 1 12 30 2
2080.8800494025 11 30 0 11 29 1 11 28 2
2080.8801316325 3 27 0 4 23 1 6 19 2
2082.8801084425 6 29 0 6 29 1 6 30 2
2087.8801002325 6 17 0 8 18 1 10 20 2
2089.880022805 4 20 0 4 22 1 5 24 2
2090.880053575 15 18 0 10 20 1 5 22 2
2090.88008037 12 30 0 11 25 1 10 24 2
2092.88001831 7 29 0 4 30 1 0 30 2
2092.880075595 8 25 0 8 21 1 8 18 2
2096.880106715 14 31 0 15 31 1 15 30 2
2097.880069685 5 25 0 8 24 1 11 23 2
2098.880034125 5 24 0 6 23 1 8 23 2
2098.8800642975 12 26 0 9 24 1 9 23 2
2098.8800906825 2 22 0 2 24 1 2 26 2
2099.8800239225 7 25 0 6 23 1 5 22 2
2099.88005869 4 19 0 3 19 1 2 21 2
2099.880072145 6 29 0 4 22 1 3 19 2
2100.8800625025 6 21 0 5 16 1 4 17 2
2102.8801265775 3 21 0 3 20 1 4 20 2
2104.8800349475 1 29 0 3 26 1 4 27 2
2104.8800450375 12 31 0 13 28 1 15 24 2
2104.8800903425 8 19 0 10 19 1 12 18 2
2107.88010077 4 24 0 3 24 1 3 24 2
2107.8801255675 3 17 0 11 17 1 5 19 2
2108.8800939075 4 18 0 4 21 1 3 26 2
2108.8801012075 6 26 0 8 22 1 9 19 2
2109.8800117975 13 28 0 13 29 1 12 31 2
2111.88002945 14 25 0 14 24 1 14 23 2
2112.880063425 12 25 0 13 23 1 15 21 2
2113.8800454425 6 27 0 5 25 1 4 21 2
2113.8800659425 10 26 0 13 23 1 15 21 2
2114.88010275 12 21 0 9 19 1 7 17 2
2115.8800620775 2 17 0 4 17 1 6 17 2
2116.88005183 5 22 0 4 25 1 4 28 2
2116.8800572625 13 26 0 10 26 1 8 26 2
2116.88007027 15 16 0 14 19 1 13 23 2
2116.8801033125 7 21 0 10 20 1 13 18 2
2118.880008215 15 27 0 13 24 1 10 18 2
2118.8800716575 11 22 0 11 22 1 12 24 2
2118.88012954 6 27 0 10 25 1 14 24 2
2119.8800352975 5 26 0 7 24 1 9 21 2
2119.8800698725 3 21 0 3 24 1 3 27 2
2125.8801038625 2 16 0 4 19 1 6 24 2
2126.8800111525 7 30 0 5 27 1 4 24 2
2126.880123835 5 21 0 5 19 1 5 18 2
2127.8800432525 8 19 0 5 20 1 2 22 2
2127.8800608775 7 28 0 9 28 1 11 28 2
2128.880104735 9 25 0 7 26 1 5 27 2
2129.8801229475 8 22 0 8 26 1 8 30 2
2132.8800086425 10 29 0 7 29 1 3 29 2
2132.8800221275 14 20 0 14 23 1 14 26 2
2132.880052455 7 28 0 3 24 1 0 21 2
2133.8800452925 1 16 0 6 22 1 11 27 2
2133.8800476375 8 21 0 9 24 1 9 27 2
2133.8800978225 9 17 0 8 16 1 7 16 2
2135.8800325825 9 29 0 5 23 1 0 17 2
2141.8800609 4 28 0 5 25 1 7 22 2
2142.880087135 14 19 0 12 21 1 9 24 2
2144.880061025 1 23 0 2 21 1 4 19 2
2145.8801124075 13 26 0 7 28 1 1 29 2
2146.88005678 4 25 0 3 22 1 3 21 2
2149.8801100375 8 16 0 5 18 1 1 21 2
2151.8800888575 12 28 0 10 24 1 9 20 2
2152.880077835 6 27 0 4 27 1 3 28 2
2153.88005474 11 27 0 11 24 1 10 22 2
2154.8800248575 6 22 0 3 25 1 0 29 2
2154.88012178 11 21 0 7 18 1 3 16 2
2155.88005434 15 17 0 15 16 1 15 16 2
2157.8800169975 1 31 0 5 28 1 5 10 2
2157.880082005 9 22 0 9 21 1 10 21 2
2157.8800997875 2 26 0 2 28 1 1 30 2
2158.8800145275 11 22 0 6 22 1 1 23 2
2158.8801179625 12 24 0 13 24 1 14 24 2
2159.8800311025 8 25 0 5 27 1 5 29 2
2159.88006249 10 26 0 11 24 1 12 23 2
2159.880114405 7 17 0 6 17 1 5 18 2
2160.8800993275 10 20 0 13 20 1 8 21 2
2161.8800336525 7 31 0 12 26 1 15 27 2
2163.8800979225 1 11 0 5 19 1 9 18 2
2165.8800537025 7 20 0 5 19 1 3 19 2
2165.8800933575 5 30 0 7 29 1 8 29 2
2166.880057665 4 31 0 5 31 1 5 31 2
2167.8801113875 5 21 0 6 18 1 7 16 2
2167.880129245 1 18 0 0 18 1 0 17 2
2170.880079125 9 26 0 10 27 1 10 28 2
2171.88002532 5 24 0 3 26 1 1 29 2
2171.8800717075 11 30 0 8 28 1 6 27 2
2171.88007732 12 28 0 13 27 1 14 27 2
2175.880007115 2 23 0 2 26 1 2 30 2
2178.88001195 14 29 0 10 28 1 6 27 2
2178.8801021125 11 18 0 11 19 1 10 20 2
2179.8801109425 11 18 0 12 19 1 13 21 2
2180.88009025 10 20 0 11 23 1 12 20 2
2182.88009422 9 30 0 10 27 1 12 24 2
2184.880013655 12 31 0 14 29 1 15 26 2
2184.8800455825 6 23 0 7 19 1 8 16 2
2186.88001475 4 19 0 3 20 1 2 22 2
2190.88011313 7 18 0 9 21 1 11 24 2
2191.8800330375 4 26 0 4 28 1 4 30 2
2191.88011532 9 18 0 10 18 1 11 19 2
2193.88003177 9 22 0 9 18 1 12 18 2
2193.8801175725 7 17 0 7 20 1 6 24 2
2196.88003767 2 27 0 1 23 1 1 21 2
2196.8800938325 6 20 0 5 20 1 4 19 2
2197.88006973 5 25 0 6 20 1 7 16 2
2197.880126725 4 25 0 5 27 1 7 28 2
2201.880056475 6 17 0 10 19 1 14 21 2
2202.880079445 15 22 0 15 26 1 15 31 2
2203.88005243 9 27 0 8 25 1 7 23 2
2207.880063595 5 24 0 4 25 1 2 27 2
2208.8800329075 10 23 0 12 22 1 14 20 2
2209.88011403 2 19 0 4 18 1 3 16 2
2210.880086905 2 26 0 5 25 1 9 24 2
2210.8801201025 13 19 0 9 21 1 5 24 2
2211.8801170325 10 17 0 6 17 1 3 17 2
2213.8801050325 9 25 0 5 22 1 1 19 2
2213.8801123475 7 28 0 7 25 1 8 22 2
2218.8800878825 6 31 0 7 30 1 6 29 2
2219.8800483175 9 21 0 8 20 1 8 20 2
2219.88007762 13 31 0 7 31 1 0 31 2
2219.880107015 6 25 0 7 22 1 8 20 2
2219.8801232775 3 6 0 2 31 1 1 31 2
2220.8800494575 12 22 0 10 23 1 7 24 2
2220.8800707525 6 30 0 5 28 1 3 26 2
2222.88005949 9 17 0 10 21 1 11 24 2
2223.880009635 8 20 0 9 25 1 9 29 2
2223.8800725225 12 24 0 11 21 1 10 18 2
2223.88011871 6 21 0 5 24 1 4 27 2
2225.8800211525 10 26 0 9 24 1 8 23 2
2225.8800760975 15 17 0 12 16 1 9 16 2
2225.8801082675 6 18 0 6 23 1 7 28 2
2226.88009133 3 22 0 5 19 1 8 16 2
2227.8800800725 5 26 0 8 22 1 10 17 2
2229.88004903 7 18 0 4 19 1 2 20 2
2230.88001305 7 22 0 9 21 1 11 20 2
2231.880107405 6 22 0 7 23 1 9 24 2
2232.88008847 13 30 0 13 31 1 13 31 2
2233.88010034 9 22 0 8 22 1 8 22 2
2233.880109115 11 20 0 9 17 1 6 16 2
2236.88007171 1 29 0 2 30 1 3 31 2
2236.88007638 15 21 0 12 22 1 9 24 2
2237.88001695 6 22 0 8 23 1 10 26 2
2237.880071065 11 26 0 10 22 1 10 19 2
2237.88011699 15 17 0 11 17 1 6 19 2
2238.8800452425 11 28 0 9 22 1 7 17 2
2242.88001319 15 25 0 14 20 1 12 19 2
2242.8800732375 13 31 0 10 30 1 7 30 2
2242.88010911 5 18 0 2 17 1 0 17 2
2244.88002421 5 31 0 6 30 1 7 27 2
2244.880056745 11 28 0 11 28 1 11 28 2
2244.8800508175 9 25 0 10 28 1 11 31 2
2244.8800567675 3 25 0 8 24 1 12 23 2
2244.8801228425 8 17 0 8 20 1 9 24 2
2245.8800929475 12 30 0 13 30 1 13 30 2
2245.8801005125 5 28 0 4 24 1 3 19 2
2246.880034685 6 30 0 9 28 1 13 26 2
2247.8800170325 3 31 0 6 30 1 8 29 2
2249.88007322 8 26 0 6 26 1 5 24 2
2250.8800752925 13 19 0 10 24 1 6 30 2
2250.8801112225 10 20 0 10 19 1 10 18 2
2252.880062795 8 21 0 8 19 1 9 17 2
2253.8800295875 6 25 0 10 26 1 14 28 2
2255.880091605 11 27 0 9 27 1 7 27 2
2256.88008101 8 18 0 5 18 1 1 19 2
2258.8800170825 9 19 0 12 19 1 15 20 2
2258.8800340525 7 26 0 8 21 1 8 17 2
2261.8801278775 12 27 0 10 28 1 9 29 2
2262.880048925 7 21 0 8 20 1 9 20 2
2263.880006995 14 31 0 11 31 1 8 31 2
2263.880024655 8 30 0 6 29 1 5 31 2
2263.8800504625 15 31 0 15 29 1 14 27 2
2263.88009221 9 26 0 9 24 1 8 23 2
2264.8800691425 12 30 0 11 25 1 10 21 2
2264.8801171325 12 26 0 9 25 1 6 24 2
2265.88007419 9 23 0 7 22 1 9 19 2
2265.880080145 12 24 0 10 23 1 6 23 2
2267.8800509375 3 28 0 5 27 1 6 27 2
2270.880057385 15 16 0 14 18 1 13 20 2
2272.880104445 8 17 0 8 19 1 7 22 2
2272.8801050675 7 23 0 9 22 1 12 21 2
2274.8800734275 11 31 0 12 29 1 13 27 2
2275.8800205325 8 23 0 7 23 1 6 17 2
2275.880113455 11 21 0 13 21 1 14 22 2
2276.880024785 15 23 0 11 22 1 7 22 2
2277.8801117375 3 19 0 4 21 1 4 26 2
2279.8800459225 8 21 0 10 20 1 11 19 2
2280.8800371775 12 24 0 13 23 1 15 22 2
2280.880050285 9 24 0 8 25 1 8 26 2
2281.880062215 5 25 0 8 26 1 10 28 2
2281.8800747075 3 30 0 5 27 1 7 24 2
2282.880094675 15 25 0 10 23 1 6 21 2
2283.8800146 4 25 0 4 24 1 3 24 2
2284.8800447525 6 28 0 5 23 1 4 19 2
2284.8800465075 13 30 0 11 24 1 9 18 2
2284.8800499875 8 24 0 7 24 1 7 23 2
2285.8800931625 1 20 0 2 20 1 2 20 2
2287.8801332475 14 29 0 10 25 1 5 20 2
2288.88006809 2 31 0 7 28 1 11 26 2
2289.88003082 7 24 0 3 19 1 0 19 2
2289.880031455 1 23 0 4 26 1 6 30 2
2289.8801147575 11 24 0 8 21 1 3 28 2
2291.8801003325 10 19 0 9 21 1 8 23 2
2293.8800093875 10 20 0 9 24 1 9 28 2
2297.880120105 11 28 0 7 28 1 4 29 2
2298.8801005775 1 25 0 2 23 1 2 21 2
2299.8800714275 7 19 0 5 20 1 3 23 2
2300.8800238675 14 24 0 12 22 1 10 22 2
2300.88009316 9 16 0 10 16 1 11 18 2
2300.8801247375 4 19 0 8 23 1 12 28 2
2305.88006548 3 22 0 2 26 1 2 31 2
2305.880116405 1 11 0 1 22 1 2 26 2
2308.88002025 7 27 0 10 31 1 13 26 2
2308.88003167 5 22 0 13 26 1 14 27 2
2312.8800876025 2 19 0 3 25 1 3 31 2
2312.8801264475 4 25 0 7 25 1 10 24 2
2313.88009042 5 18 0 4 18 1 2 18 2
2315.880055175 5 28 0 5 24 1 5 20 2
2318.8800337525 11 17 0 13 18 1 15 20 2
2319.880020825 5 19 0 4 22 1 3 26 2
2319.8800369425 12 21 0 12 21 1 12 22 2
2320.8800476125 6 31 0 9 29 1 12 26 2
2321.8801246275 6 16 0 7 17 1 8 19 2
2324.8800267075 15 24 0 11 20 1 5 17 2
2325.880071265 1 29 0 4 7 1 8 27 2
2328.8800122825 13 31 0 11 26 1 9 23 2
2328.8800785675 4 30 0 5 30 1 6 31 2
2333.880046305 12 27 0 12 26 1 12 26 2
2333.880060505 15 30 0 14 27 1 13 24 2
2335.8800420525 10 20 0 11 20 1 12 21 2
2336.880071465 9 17 0 10 21 1 11 24 2
2336.880123075 3 26 0 3 26 1 4 27 2
2337.880032295 11 19 0 9 23 1 7 29 2
2341.880090155 8 18 0 8 19 1 7 21 2
2341.8801081525 11 16 0 6 19 1 1 23 2
2342.8800280325 1 30 0 2 25 1 3 21 2
2342.8800442575 1 21 0 1 20 1 1 19 2
2342.8801225 1 31 0 3 31 1 5 31 2
2344.8800030325 10 27 0 6 28 1 3 29 2
2344.8800287925 14 17 0 14 16 1 15 16 2
2344.88012046 12 24 0 13 23 1 14 23 2
2346.8800318875 15 26 0 12 29 1 10 31 2
2350.88004643 14 19 0 14 18 1 13 18 2
2352.8800253775 3 17 0 8 18 1 14 19 2
2353.88009241 7 19 0 6 21 1 6 24 2
2355.880007445 2 28 0 13 28 1 7 29 2
2356.8801103925 9 16 0 7 16 1 5 16 2
2359.8800496275 6 21 0 10 25 1 15 29 2
2359.8801082875 5 19 0 6 20 1 7 21 2
2360.88001965 15 29 0 10 30 1 6 31 2
2360.88005183 7 23 0 8 23 1 9 23 2
2363.8800221575 13 24 0 11 25 1 8 26 2
2364.880046895 10 28 0 12 26 1 15 24 2
2366.880042815 8 20 0 7 20 1 7 20 2
2366.880098085 8 24 0 5 22 1 1 21 2
2368.8800706825 13 30 0 11 26 1 9 23 2
2374.8801130975 10 26 0 9 23 1 8 21 2
2375.880047865 14 24 0 13 24 1 11 26 2
2379.88006114 7 16 0 5 19 1 3 22 2
2380.88011158 3 17 0 2 17 1 0 18 2
2381.8800134975 1 26 0 1 20 1 1 16 2
2382.8800051975 10 31 0 10 31 1 9 30 2
2382.8800442325 3 24 0 5 25 1 6 27 2
2382.880062665 6 21 0 9 21 1 11 21 2
2383.8800631075 11 18 0 8 20 1 5 24 2
2383.8800768675 6 31 0 8 24 1 10 18 2
2385.88000773 9 22 0 10 21 1 11 20 2
2386.8800311425 2 24 0 8 21 1 14 19 2
2386.8801024725 11 16 0 10 21 1 8 26 2
2386.8801212775 8 18 0 4 19 1 0 20 2
2387.880043365 9 18 0 5 17 1 0 16 2
2389.880112595 1 16 0 1 17 1 0 19 2
2390.8800156775 3 21 0 15 19 1 12 17 2
2391.880127075 3 26 0 4 27 1 10 23 2
2392.880032355 15 26 0 14 21 1 13 16 2
2392.88005853 11 31 0 14 29 1 14 28 2
2392.88007656 10 19 0 8 17 1 5 17 2
2392.8800959975 8 24 0 4 21 1 0 19 2
2393.88001687 7 24 0 7 22 1 7 20 2
2393.8800794875 11 17 0 7 19 1 3 22 2
2394.88000994 9 20 0 7 19 1 5 19 2
2394.8800260575 8 29 0 11 23 1 14 18 2
2394.8800283425 11 31 0 10 30 1 8 29 2
2394.8800614625 5 22 0 4 24 1 3 27 2
2394.8800697975 1 29 0 3 26 1 4 22 2
2394.88008214 1 18 0 1 17 1 1 16 2
2395.8801163625 7 22 0 15 16 1 13 26 2
2396.880089835 3 31 0 4 26 1 6 21 2
2397.8800852525 5 21 0 6 20 1 7 20 2
2398.880105845 7 24 0 4 25 1 0 26 2
2401.8800262775 6 24 0 10 28 1 14 31 2
2401.8800351475 15 23 0 13 20 1 11 18 2
2402.880008275 5 30 0 4 29 1 2 27 2
2404.8800201875 12 19 0 7 24 1 5 21 2
2404.880117465 8 26 0 7 23 1 7 21 2
2405.8800352025 14 23 0 14 23 1 14 24 2
2405.8800621775 4 19 0 4 23 1 15 27 2
2408.8800436025 11 30 0 11 28 1 12 27 2
2408.88005975 7 28 0 9 27 1 12 27 2
2410.88004008 14 23 0 10 20 1 6 18 2
2410.8801100175 8 20 0 5 23 1 2 26 2
2411.88011078 9 22 0 8 22 1 8 24 2
2413.880073765 5 31 0 7 31 1 9 31 2
2415.8801116275 9 16 0 9 17 1 9 18 2
2417.8800368325 9 16 0 13 17 1 15 21 2
2417.8800555625 9 26 0 7 25 1 5 24 2
2417.88010794 6 31 0 4 30 1 1 30 2
2418.8800133475 14 28 0 14 27 1 13 26 2
2421.8800665375 8 23 0 6 22 1 5 22 2
2421.8801257775 12 31 0 8 30 1 4 28 2
2422.8800794375 14 21 0 11 21 1 9 21 2
2422.8801263325 3 16 0 3 16 1 3 16 2
2422.8801281875 6 24 0 3 27 1 0 31 2
2423.880047945 4 21 0 2 23 1 1 24 2
2424.88006213 7 30 0 5 29 1 3 27 2
2424.8801077925 7 17 0 6 23 1 6 29 2
2425.8800468975 8 20 0 11 20 1 14 21 2
2426.8800214775 4 22 0 6 26 1 7 30 2
2426.8800478075 10 19 0 9 18 1 9 18 2
2426.88008878 6 25 0 6 22 1 7 19 2
2426.8801023725 11 31 0 10 29 1 9 28 2
2427.8800412375 6 26 0 9 28 1 12 30 2
2428.8801180075 5 24 0 9 20 1 12 19 2
2432.8800928325 2 25 0 2 20 1 2 24 2
2433.88009688 2 21 0 1 22 1 1 23 2
2434.8800472825 7 16 0 8 20 1 9 24 2
2436.8800505275 2 28 0 4 26 1 5 24 2
2436.8801005525 11 27 0 14 23 1 9 20 2
2439.880060285 9 27 0 5 26 1 1 26 2
2442.8800775525 13 28 0 9 28 1 5 29 2
2444.880081185 11 23 0 6 21 1 2 19 2
2444.8801253875 5 25 0 3 26 1 0 27 2
2446.8800087425 5 30 0 9 27 1 13 24 2
2446.8800302675 14 16 0 13 17 1 11 18 2
2447.880055055 6 26 0 10 27 1 13 29 2
2448.880006375 9 22 0 10 22 1 10 22 2
2450.88004648 2 18 0 2 20 1 4 23 2
2450.880108745 11 21 0 11 18 1 11 16 2
2451.8800252325 1 19 0 6 22 1 11 24 2
2452.8800347775 2 27 0 5 25 1 8 24 2
2452.88012359 4 27 0 4 25 1 3 24 2
2454.880030535 11 24 0 12 25 1 13 27 2
2456.8800582625 13 31 0 12 30 1 11 29 2
2459.8800240425 8 27 0 4 6 1 1 23 2
2462.8800694575 12 18 0 12 18 1 11 18 2
2463.88003543 14 26 0 12 27 1 11 29 2
2463.8800729525 4 19 0 7 21 1 10 23 2
2465.880038925 11 27 0 12 29 1 12 30 2
2466.88003656 2 23 0 7 21 1 11 21 2
2467.8800472 15 16 0 13 16 1 11 27 2
2468.8800422125 6 22 0 3 23 1 0 24 2
2468.880059115 11 25 0 7 24 1 3 24 2
2470.88004086 10 23 0 10 24 1 9 26 2
2470.880072395 3 24 0 5 26 1 6 28 2
2472.8801123025 11 18 0 11 22 1 11 27 2
2472.8801140975 6 27 0 8 27 1 10 27 2
2473.8800300175 11 18 0 11 25 1 11 23 2
2473.88006491 15 20 0 14 19 1 13 19 2
2473.8801083275 3 31 0 3 29 1 2 26 2
2474.88001669 12 25 0 11 27 1 10 30 2
2474.880104755 12 21 0 14 25 1 15 29 2
2475.8801198075 12 24 0 9 22 1 6 20 2
2479.8801098975 13 17 0 10 22 1 7 27 2
2480.880057315 15 25 0 14 27 1 13 29 2
2481.8800419325 5 17 0 5 18 1 3 17 2
2481.880107475 11 28 0 12 29 1 13 31 2
2481.88010857 6 27 0 10 24 1 13 21 2
2482.8800079 10 24 0 11 20 1 12 16 2
2482.88008568 7 25 0 8 16 1 9 19 2
2482.8801024025 4 26 0 2 23 1 0 21 2
2484.8800492975 8 27 0 8 22 1 12 18 2
2485.88005345 4 20 0 7 17 1 7 19 2
2485.88007916 3 26 0 8 28 1 13 31 2
2485.8801067475 2 25 0 4 20 1 7 17 2
2486.88010853 3 28 0 4 29 1 6 31 2
2488.880127595 13 19 0 9 24 1 6 29 2
2489.880085145 14 17 0 13 20 1 13 24 2
2492.8800468 4 27 0 7 26 1 10 26 2
2492.8800596325 5 25 0 8 24 1 11 23 2
2492.880084165 1 16 0 1 17 1 0 18 2
2493.880098585 4 20 0 4 20 1 4 20 2
2495.8800109175 11 17 0 10 17 1 10 18 2
2497.8800300575 15 31 0 13 28 1 12 27 2
2497.8801118275 6 28 0 4 29 1 2 24 2
2498.8800586 11 23 0 10 23 1 10 23 2
2499.88004346 14 28 0 13 26 1 9 26 2
2499.88006062 12 29 0 14 25 1 15 22 2
2501.880033425 5 16 0 8 16 1 10 17 2
2501.8800955175 5 30 0 3 29 1 2 27 2
2503.88002792 6 23 0 6 26 1 6 28 2
2503.88008525 11 29 0 11 26 1 12 24 2
2504.880071825 10 27 0 12 24 1 13 21 2
2504.88009336 7 31 0 6 27 1 4 24 2
2505.8800311625 6 28 0 4 29 1 2 29 2
2505.8800834925 7 23 0 5 26 1 4 30 2
2507.8800168375 12 23 0 12 24 1 12 26 2
2507.88003431 9 22 0 10 22 1 12 22 2
2508.8800701875 11 25 0 9 26 1 7 27 2
2508.8800804225 1 18 0 3 22 1 6 26 2
2510.8800517725 1 17 0 0 20 1 1 24 2
2511.8800631725 4 16 0 6 16 1 7 17 2
2512.8800191275 13 29 0 14 26 1 14 24 2
2513.880010285 4 26 0 6 25 1 7 24 2
2513.8801198525 4 17 0 3 16 1 1 16 2
2514.8800331375 1 19 0 4 20 1 7 22 2
2515.880007125 5 31 0 8 26 1 11 21 2
2515.8800500925 14 31 0 13 30 1 11 29 2
2517.8800221225 10 18 0 13 21 1 15 24 2
2520.880027765 9 18 0 6 30 1 3 28 2
2520.8801000175 13 25 0 8 22 1 3 19 2
2520.8801227575 15 22 0 15 26 1 14 30 2
2523.8801253325 6 21 0 8 19 1 9 18 2
2525.88001309 5 28 0 8 27 1 10 26 2
2525.8800681575 4 20 0 4 19 1 3 18 2
2527.8801158525 3 31 0 2 31 1 1 31 2
2534.8800231525 4 29 0 7 29 1 9 29 2
2535.880049005 7 18 0 11 16 1 12 16 2
2536.88003256 8 17 0 10 16 1 11 17 2
2536.8801230875 2 29 0 4 30 1 5 31 2
2538.8800526825 10 30 0 13 25 1 15 20 2
2539.880014515 3 28 0 8 25 1 13 29 2
2539.8800878925 6 29 0 5 27 1 3 26 2
2541.88004764 7 27 0 7 26 1 6 26 2
2543.880009595 15 19 0 14 24 1 14 29 2
2543.8801169675 15 30 0 13 30 1 10 31 2
2544.8801285325 3 29 0 7 29 1 10 30 2
2546.8800944025 3 19 0 1 21 1 0 23 2
2548.8801109 6 21 0 11 22 1 15 24 2
2549.8800827575 9 19 0 12 21 1 14 22 2
2551.8800949675 15 25 0 11 23 1 7 21 2
2551.880109035 4 30 0 4 27 1 4 24 2
2551.880114565 1 27 0 0 21 1 3 21 2
2553.8800818825 12 21 0 13 21 1 15 22 2
2554.8800387375 5 17 0 5 17 1 5 18 2
2554.880071495 6 19 0 6 19 1 6 18 2
2556.880017565 9 18 0 9 19 1 8 21 2
2557.880059635 11 23 0 8 22 1 6 21 2
2557.8800696625 5 21 0 8 18 1 11 16 2
2558.880045945 4 22 0 4 22 1 3 22 2
2558.8801127975 5 20 0 4 21 1 0 17 2
2559.8800470525 7 21 0 7 19 1 8 18 2
2562.880107475 8 17 0 8 19 1 9 22 2
2563.88002626 7 30 0 4 29 1 2 28 2
2563.880097405 7 31 0 7 29 1 8 27 2
2566.8801106075 11 25 0 9 22 1 10 19 2
2567.8800764925 5 23 0 7 23 1 9 24 2
2567.880104295 3 24 0 4 25 1 6 27 2
2567.8801204025 7 26 0 6 22 1 6 17 2
2567.8801302525 1 20 0 3 26 1 5 29 2
2570.880084145 15 26 0 14 26 1 9 27 2
2570.880092835 11 21 0 6 19 1 2 17 2
2571.8800135425 8 24 0 7 23 1 6 22 2
2573.88005405 6 22 0 5 25 1 4 29 2
2575.8800748975 5 17 0 3 19 1 1 21 2
2578.88005298 2 29 0 3 24 1 4 21 2
2581.880017265 14 17 0 13 19 1 12 21 2
2581.88003851 1 23 0 2 22 1 1 22 2
2581.880049835 4 25 0 5 24 1 6 24 2
2581.880065575 7 22 0 14 18 1 15 16 2
2581.88007686 5 27 0 4 27 1 4 9 2
2581.880080165 11 27 0 10 25 1 9 24 2
2581.88010897 12 23 0 11 25 1 10 26 2
2584.880120005 5 24 0 2 20 1 0 17 2
2588.8800226425 4 19 0 9 20 1 14 22 2
2590.8800249525 7 25 0 6 26 1 5 28 2
2591.8800285775 1 21 0 2 24 1 4 27 2
2591.88002851 4 23 0 6 22 1 8 22 2
2592.8800226375 7 27 0 5 22 1 2 18 2
2592.880084245 1 29 0 3 9 1 7 21 2
2593.88000498 15 25 0 15 27 1 15 30 2
2593.880056435 15 24 0 14 23 1 13 24 2
2593.8800876425 11 27 0 11 23 1 11 20 2
2594.880112795 8 26 0 10 25 1 12 26 2
2596.880058975 13 20 0 10 21 1 8 21 2
2596.88011827 15 21 0 14 26 1 15 30 2
2597.8801154325 5 20 0 5 20 1 5 20 2
2601.8800528475 15 31 0 12 23 1 9 17 2
2601.88012065 10 26 0 9 26 1 8 26 2
2603.8800917525 1 8 0 4 24 1 6 24 2
2605.8800227 13 21 0 12 22 1 11 24 2
2605.880033525 2 19 0 1 21 1 0 23 2
2608.8800380725 12 19 0 14 18 1 15 17 2
2608.8800702925 4 20 0 3 24 1 2 27 2
2608.8801049675 14 18 0 12 17 1 6 16 2
2610.8800736725 6 17 0 4 19 1 9 21 2
2612.8800094275 11 25 0 11 25 1 10 24 2
2612.88009195 10 19 0 12 18 1 14 19 2
2614.88004418 6 26 0 7 29 1 8 31 2
2615.880034275 3 31 0 6 30 1 9 29 2
2620.880119975 11 24 0 13 20 1 14 16 2
2621.8801119375 11 26 0 11 25 1 10 24 2
2622.8800810825 4 31 0 5 30 1 5 29 2
2625.8801031825 12 27 0 11 29 1 9 30 2
2627.8800779425 6 18 0 6 21 1 6 24 2
2628.8800423775 15 29 0 10 24 1 7 18 2
2628.88009419 12 29 0 7 24 1 3 20 2
2628.880128425 1 25 0 6 23 1 10 22 2
2629.8800302475 13 31 0 13 30 1 12 30 2
2629.88003375 8 20 0 10 21 1 11 22 2
2630.8800272825 11 22 0 10 19 1 10 18 2
2630.8800336 11 18 0 12 17 1 13 17 2
2630.88010569 15 16 0 13 20 1 14 27 2
