3 18 0 7 18 1 11 19 2
4 19 0 3 17 1 2 17 2
7 26 0 7 27 1 8 28 2
14 22 0 8 22 1 3 23 2
8 26 0 8 22 1 8 18 2
8 21 0 3 25 1 0 31 2
13 29 0 11 30 1 8 31 2
4 24 0 2 26 1 0 28 2
9 22 0 13 19 1 6 26 2
10 31 0 1 25 1 5 19 2
11 20 0 6 21 1 1 21 2
13 27 0 13 27 1 13 28 2
8 18 0 9 20 1 10 22 2
10 28 0 8 27 1 5 26 2
10 17 0 9 17 1 10 27 2
6 18 0 4 23 1 3 28 2
6 30 0 3 28 1 0 27 2
13 18 0 14 24 1 14 30 2
6 31 0 8 29 1 10 27 2
5 29 0 7 28 1 9 27 2
12 20 0 10 23 1 7 27 2
1 17 0 8 17 1 11 17 2
8 26 0 12 24 1 15 22 2
8 22 0 15 20 1 13 21 2
11 22 0 9 21 1 7 20 2
14 21 0 11 20 1 7 21 2
5 31 0 2 26 1 0 26 2
11 20 0 11 19 1 12 18 2
9 27 0 7 23 1 5 20 2
5 19 0 8 16 1 11 22 2
3 30 0 7 25 1 8 23 2
13 19 0 13 27 1 14 20 2
1 27 0 2 25 1 3 24 2
11 26 0 12 25 1 13 23 2
14 24 0 15 17 1 0 28 2
15 25 0 10 23 1 4 22 2
14 26 0 14 26 1 15 27 2
2 27 0 14 25 1 6 23 2
6 31 0 7 31 1 8 30 2
4 20 0 4 20 1 4 21 2
12 25 0 11 26 1 9 26 2
12 25 0 7 25 1 8 22 2
10 26 0 2 25 1 12 18 2
10 30 0 7 31 1 3 18 2
11 21 0 11 21 1 7 22 2
8 24 0 3 23 1 2 23 2
8 29 0 4 29 1 13 29 2
12 23 0 12 25 1 12 27 2
5 22 0 9 25 1 14 28 2
5 24 0 5 26 1 6 28 2
6 20 0 6 30 1 6 30 2
7 30 0 8 31 1 8 31 2
12 21 0 11 17 1 10 16 2
8 29 0 14 27 1 1 30 2
10 29 0 8 27 1 7 26 2
6 26 0 7 27 1 8 28 2
10 31 0 4 28 1 0 27 2
14 24 0 15 27 1 15 31 2
15 20 0 10 19 1 4 19 2
5 26 0 6 24 1 6 23 2
13 28 0 14 29 1 15 29 2
11 30 0 14 30 1 14 29 2
12 24 0 13 25 1 15 26 2
3 29 0 2 19 1 1 22 2
8 31 0 12 26 1 15 23 2
13 16 0 11 18 1 5 21 2
2 22 0 5 20 1 7 20 2
1 23 0 6 21 1 10 19 2
13 19 0 10 18 1 8 16 2
6 17 0 11 22 1 15 28 2
13 19 0 14 18 1 15 17 2
9 29 0 13 25 1 15 24 2
12 31 0 15 26 1 15 23 2
8 21 0 10 21 1 12 21 2
14 17 0 12 18 1 10 18 2
4 31 0 6 21 1 15 19 2
11 30 0 11 29 1 12 27 2
5 26 0 8 25 1 0 27 2
7 26 0 5 27 1 3 29 2
14 21 0 7 20 1 3 21 2
9 16 0 11 26 1 4 23 2
4 31 0 3 25 1 3 22 2
2 21 0 5 21 1 9 21 2
11 31 0 4 24 1 6 26 2
3 23 0 10 25 1 14 26 2
11 30 0 11 26 1 10 23 2
13 30 0 11 30 1 9 31 2
7 22 0 6 20 1 6 18 2
9 27 0 11 29 1 13 31 2
2 20 0 1 21 1 1 23 2
7 29 0 9 30 1 10 27 2
9 22 0 13 22 1 5 22 2
7 19 0 6 26 1 4 16 2
9 24 0 7 23 1 10 29 2
9 30 0 10 30 1 10 28 2
11 23 0 11 20 1 11 19 2
6 24 0 9 22 1 12 21 2
12 19 0 10 20 1 8 21 2
9 20 0 10 30 1 6 22 2
6 27 0 15 27 1 12 27 2
1 20 0 13 22 1 5 19 2
5 19 0 8 17 1 10 16 2
13 18 0 13 19 1 13 21 2
6 19 0 5 22 1 4 26 2
1 21 0 4 21 1 8 20 2
1 24 0 6 24 1 11 24 2
10 21 0 10 18 1 9 16 2
8 22 0 7 26 1 5 27 2
15 23 0 15 27 1 15 31 2
10 20 0 5 26 1 1 31 2
6 29 0 4 26 1 2 24 2
13 19 0 12 19 1 11 19 2
1 27 0 2 26 1 4 24 2
11 17 0 12 17 1 13 19 2
10 25 0 12 21 1 15 18 2
11 16 0 7 29 1 15 23 2
11 26 0 8 26 1 4 27 2
2 25 0 5 23 1 9 22 2
10 26 0 6 23 1 3 20 2
4 22 0 8 20 1 13 18 2
9 25 0 6 27 1 2 30 2
3 18 0 1 24 1 0 31 2
10 24 0 8 27 1 7 30 2
4 31 0 6 30 1 8 29 2
14 18 0 7 21 1 1 23 2
15 30 0 12 30 1 10 29 2
14 17 0 15 17 1 15 20 2
5 27 0 9 26 1 13 20 2
5 31 0 7 25 1 9 20 2
6 28 0 9 29 1 13 31 2
2 29 0 3 27 1 3 26 2
11 27 0 9 27 1 11 26 2
14 27 0 14 27 1 13 27 2
10 26 0 7 25 1 3 28 2
14 26 0 13 20 1 6 18 2
2 27 0 4 31 1 5 18 2
3 27 0 6 25 1 9 30 2
11 20 0 9 23 1 7 26 2
11 19 0 13 16 1 13 19 2
1 18 0 5 28 1 9 28 2
13 17 0 12 17 1 10 17 2
13 21 0 12 22 1 11 24 2
9 26 0 11 26 1 10 16 2
7 17 0 15 18 1 12 19 2
5 17 0 10 26 1 0 16 2
13 19 0 13 19 1 12 20 2
4 18 0 3 18 1 3 20 2
5 17 0 7 20 1 10 24 2
15 20 0 12 21 1 8 22 2
8 18 0 9 20 1 11 22 2
10 20 0 11 23 1 13 26 2
10 21 0 8 23 1 6 26 2
5 20 0 5 21 1 6 21 2
13 18 0 11 16 1 8 16 2
10 28 0 10 25 1 10 22 2
7 20 0 9 18 1 11 17 2
5 18 0 8 19 1 11 20 2
12 26 0 11 24 1 9 22 2
10 19 0 8 20 1 7 21 2
1 27 0 4 26 1 7 17 2
7 29 0 8 25 1 8 21 2
2 20 0 3 18 1 6 18 2
10 16 0 11 17 1 12 23 2
2 19 0 3 20 1 4 21 2
14 25 0 13 26 1 13 27 2
5 31 0 6 30 1 7 28 2
5 27 0 12 29 1 3 23 2
14 22 0 13 22 1 11 22 2
5 16 0 9 17 1 14 18 2
8 21 0 5 19 1 1 18 2
1 16 0 5 19 1 11 23 2
6 26 0 7 27 1 7 30 2
9 24 0 11 26 1 12 28 2
15 16 0 14 22 1 13 29 2
2 23 0 4 20 1 5 17 2
3 27 0 2 25 1 0 17 2
10 23 0 6 21 1 3 22 2
10 27 0 9 23 1 9 20 2
1 17 0 4 19 1 7 22 2
13 21 0 11 24 1 9 27 2
1 29 0 4 25 1 7 22 2
11 27 0 11 29 1 14 27 2
6 28 0 7 25 1 8 22 2
9 29 0 3 25 1 0 30 2
7 30 0 6 30 1 3 31 2
8 25 0 7 24 1 6 24 2
9 28 0 9 25 1 9 24 2
7 31 0 4 30 1 2 29 2
1 22 0 13 21 1 14 20 2
12 20 0 13 18 1 14 16 2
14 23 0 11 25 1 8 28 2
12 26 0 8 26 1 4 27 2
11 31 0 2 24 1 12 17 2
3 31 0 5 28 1 7 26 2
11 26 0 7 25 1 5 19 2
9 17 0 11 18 1 13 19 2
3 30 0 3 29 1 3 28 2
12 31 0 11 19 1 11 30 2
10 20 0 12 24 1 14 28 2
5 17 0 5 17 1 5 17 2
4 26 0 2 31 1 0 27 2
2 27 0 1 26 1 0 26 2
1 25 0 2 22 1 3 21 2
8 26 0 3 23 1 0 21 2
7 24 0 8 23 1 9 23 2
8 18 0 15 21 1 15 24 2
6 20 0 15 18 1 1 17 2
3 26 0 8 21 1 13 16 2
14 17 0 9 21 1 14 24 2
6 21 0 7 25 1 8 29 2
10 24 0 12 27 1 13 30 2
1 27 0 2 22 1 1 19 2
3 17 0 4 21 1 5 26 2
10 30 0 10 22 1 11 21 2
10 31 0 8 27 1 6 22 2
7 31 0 9 29 1 13 29 2
10 16 0 12 19 1 14 21 2
11 31 0 13 29 1 14 27 2
4 25 0 11 24 1 2 23 2
10 26 0 11 26 1 9 23 2
6 27 0 0 30 1 8 26 2
11 19 0 12 20 1 5 22 2
11 25 0 10 22 1 9 21 2
14 19 0 15 21 1 15 24 2
5 26 0 8 26 1 13 26 2
8 16 0 9 19 1 11 23 2
15 21 0 2 19 1 6 18 2
12 28 0 11 29 1 10 31 2
11 22 0 8 22 1 4 22 2
1 25 0 0 24 1 12 24 2
3 21 0 7 25 1 10 23 2
10 19 0 0 19 1 6 20 2
8 31 0 15 31 1 10 29 2
9 29 0 6 28 1 2 26 2
3 29 0 4 30 1 7 26 2
5 20 0 4 21 1 2 23 2
9 18 0 6 17 1 4 16 2
10 28 0 10 30 1 9 28 2
10 22 0 9 26 1 7 22 2
3 18 0 5 23 1 7 28 2
6 19 0 4 17 1 2 16 2
13 28 0 13 31 1 13 30 2
4 17 0 8 22 1 0 27 2
11 28 0 11 23 1 10 20 2
13 21 0 13 24 1 12 29 2
3 17 0 2 17 1 1 18 2
13 22 0 14 26 1 15 31 2
11 22 0 13 22 1 15 23 2
11 18 0 7 18 1 2 18 2
10 18 0 10 20 1 13 30 2
8 23 0 10 29 1 13 26 2
8 24 0 5 25 1 1 27 2
13 24 0 14 24 1 15 24 2
3 25 0 2 23 1 2 27 2
3 17 0 6 26 1 9 22 2
6 27 0 13 20 1 1 18 2
14 18 0 11 22 1 13 28 2
7 25 0 11 23 1 14 22 2
13 16 0 11 18 1 6 28 2
11 20 0 4 19 1 13 18 2
2 25 0 3 18 1 4 21 2
13 23 0 7 25 1 0 27 2
9 30 0 5 31 1 2 24 2
14 28 0 10 25 1 6 20 2
8 30 0 5 25 1 2 20 2
6 25 0 4 16 1 3 21 2
11 31 0 10 31 1 9 30 2
3 23 0 5 23 1 8 23 2
5 27 0 5 25 1 6 24 2
15 24 0 14 24 1 13 24 2
1 19 0 4 21 1 7 24 2
11 20 0 13 21 1 15 23 2
12 26 0 13 22 1 13 20 2
8 28 0 5 22 1 2 16 2
2 18 0 2 20 1 1 22 2
13 25 0 11 24 1 9 24 2
6 25 0 9 23 1 11 22 2
9 28 0 15 22 1 8 27 2
7 29 0 10 29 1 13 30 2
12 18 0 9 17 1 6 20 2
10 30 0 11 28 1 11 27 2
7 20 0 11 24 1 14 28 2
7 22 0 8 19 1 9 16 2
11 20 0 8 19 1 5 18 2
15 26 0 13 23 1 12 31 2
11 25 0 12 26 1 13 27 2
11 19 0 9 16 1 8 16 2
6 16 0 3 21 1 1 26 2
11 21 0 12 19 1 5 27 2
9 19 0 8 18 1 7 18 2
10 20 0 15 21 1 15 23 2
10 24 0 9 27 1 8 31 2
11 17 0 10 18 1 13 24 2
11 24 0 8 26 1 4 29 2
3 22 0 5 22 1 8 23 2
8 22 0 9 22 1 10 24 2
2 19 0 8 21 1 5 23 2
7 16 0 7 18 1 7 22 2
8 26 0 12 23 1 15 21 2
8 24 0 7 20 1 7 18 2
3 24 0 2 20 1 0 22 2
4 25 0 7 28 1 9 31 2
13 24 0 7 22 1 1 19 2
14 26 0 10 27 1 5 29 2
13 17 0 10 18 1 6 21 2
13 29 0 11 28 1 9 27 2
1 21 0 2 19 1 3 18 2
11 26 0 11 27 1 11 29 2
11 28 0 5 30 1 0 30 2
15 17 0 14 17 1 13 19 2
7 29 0 5 30 1 3 31 2
10 25 0 6 22 1 13 19 2
7 27 0 7 24 1 0 21 2
10 31 0 2 30 1 5 28 2
10 16 0 11 16 1 13 16 2
3 16 0 3 17 1 4 18 2
10 27 0 8 25 1 7 24 2
15 18 0 12 23 1 9 28 2
12 25 0 15 16 1 14 19 2
13 29 0 13 28 1 13 28 2
6 21 0 7 28 1 7 18 2
3 22 0 3 18 1 3 21 2
5 24 0 4 24 1 3 27 2
2 22 0 1 25 1 4 28 2
4 29 0 5 26 1 7 27 2
8 28 0 10 28 1 12 27 2
9 30 0 1 27 1 5 24 2
2 2 0 2 21 1 4 29 2
13 27 0 13 25 1 14 24 2
3 20 0 2 26 1 2 28 2
3 23 0 2 20 1 1 18 2
14 29 0 11 24 1 8 20 2
1 24 0 3 20 1 5 29 2
12 18 0 12 20 1 12 22 2
11 21 0 14 21 1 15 28 2
7 28 0 9 27 1 10 28 2
15 20 0 15 30 1 13 31 2
6 23 0 4 23 1 2 24 2
6 24 0 11 21 1 13 20 2
13 27 0 4 29 1 9 31 2
8 22 0 7 24 1 12 29 2
14 23 0 11 27 1 4 8 2
10 23 0 12 23 1 15 24 2
2 19 0 5 25 1 8 31 2
15 31 0 15 29 1 15 28 2
3 17 0 3 17 1 3 18 2
14 18 0 11 23 1 8 27 2
5 30 0 8 30 1 10 31 2
5 18 0 5 18 1 6 20 2
11 20 0 10 22 1 9 19 2
3 23 0 6 23 1 9 24 2
12 17 0 13 18 1 13 19 2
10 21 0 10 21 1 10 21 2
13 17 0 9 18 1 4 19 2
12 22 0 12 21 1 13 20 2
10 16 0 10 22 1 10 24 2
8 29 0 7 25 1 8 27 2
1 29 0 2 23 1 3 17 2
11 31 0 6 25 1 3 28 2
11 19 0 12 25 1 13 31 2
4 28 0 10 28 1 15 28 2
10 29 0 7 30 1 4 31 2
15 28 0 14 24 1 13 19 2
4 26 0 13 25 1 15 28 2
10 25 0 9 28 1 8 31 2
8 18 0 10 18 1 11 19 2
1 23 0 2 23 1 2 23 2
5 31 0 6 26 1 7 21 2
2 31 0 3 26 1 5 24 2
8 16 0 4 22 1 8 29 2
14 16 0 2 17 1 6 19 2
6 26 0 8 26 1 11 23 2
9 31 0 8 26 1 7 20 2
6 25 0 8 21 1 9 17 2
15 28 0 8 25 1 2 3 2
14 26 0 13 24 1 12 23 2
14 22 0 14 29 1 14 21 2
8 25 0 7 27 1 6 29 2
1 24 0 3 20 1 4 17 2
14 20 0 13 22 1 13 23 2
8 22 0 10 25 1 11 29 2
7 23 0 14 30 1 2 30 2
3 25 0 2 24 1 1 24 2
12 31 0 9 27 1 6 23 2
10 22 0 9 24 1 9 27 2
8 16 0 4 23 1 0 28 2
5 28 0 7 24 1 11 20 2
13 29 0 7 28 1 2 23 2
14 19 0 4 22 1 7 20 2
10 25 0 12 26 1 14 31 2
11 29 0 8 25 1 11 21 2
4 25 0 3 16 1 1 31 2
12 31 0 13 21 1 14 22 2
2 28 0 6 25 1 7 23 2
11 25 0 12 20 1 7 16 2
11 29 0 6 26 1 5 23 2
6 18 0 6 20 1 6 22 2
4 21 0 6 19 1 7 18 2
2 20 0 4 19 1 3 21 2
6 25 0 8 20 1 9 17 2
2 22 0 8 21 1 12 20 2
9 24 0 8 23 1 9 23 2
4 17 0 2 21 1 0 24 2
14 25 0 7 25 1 9 24 2
10 25 0 15 22 1 15 23 2
14 24 0 10 28 1 7 31 2
1 24 0 3 25 1 6 26 2
5 27 0 6 26 1 7 26 2
4 31 0 5 31 1 6 31 2
6 22 0 5 21 1 5 22 2
13 23 0 13 21 1 13 20 2
2 19 0 2 17 1 2 16 2
14 20 0 14 26 1 14 23 2
11 24 0 12 23 1 12 22 2
8 22 0 7 20 1 5 18 2
3 16 0 3 25 1 1 27 2
9 22 0 11 23 1 12 26 2
9 28 0 11 25 1 12 23 2
6 26 0 6 17 1 6 21 2
3 26 0 7 22 1 12 19 2
11 18 0 15 20 1 11 24 2
11 22 0 13 22 1 15 24 2
7 30 0 6 31 1 4 31 2
8 24 0 2 26 1 9 19 2
6 26 0 4 20 1 2 16 2
6 19 0 1 31 1 5 24 2
4 20 0 7 24 1 10 28 2
11 28 0 6 28 1 9 28 2
7 16 0 4 19 1 2 24 2
2 17 0 3 22 1 5 27 2
1 28 0 3 29 1 5 30 2
7 26 0 4 22 1 1 18 2
3 17 0 3 18 1 2 20 2
3 17 0 1 20 1 2 19 2
4 20 0 5 16 1 7 17 2
15 17 0 14 18 1 12 20 2
13 22 0 13 21 1 12 21 2
2 22 0 10 18 1 4 16 2
12 18 0 10 20 1 9 23 2
13 18 0 10 19 1 7 21 2
15 21 0 4 19 1 8 29 2
6 21 0 15 17 1 0 20 2
12 20 0 12 21 1 11 22 2
1 30 0 1 27 1 1 29 2
11 28 0 12 24 1 14 20 2
8 25 0 8 27 1 7 20 2
4 21 0 4 31 1 4 29 2
5 31 0 8 26 1 12 21 2
4 25 0 2 31 1 1 16 2
5 28 0 11 27 1 4 27 2
6 21 0 4 22 1 2 23 2
6 26 0 4 26 1 3 27 2
4 28 0 8 28 1 6 28 2
6 27 0 8 24 1 10 22 2
5 25 0 2 21 1 0 18 2
7 16 0 11 29 1 1 17 2
3 18 0 6 18 1 9 20 2
3 25 0 2 25 1 1 26 2
1 27 0 1 28 1 2 30 2
14 31 0 10 30 1 6 30 2
11 28 0 7 25 1 2 28 2
5 27 0 5 28 1 5 29 2
13 27 0 10 25 1 7 23 2
8 21 0 8 24 1 7 27 2
12 19 0 9 24 1 6 30 2
1 30 0 6 26 1 12 24 2
11 20 0 9 21 1 5 23 2
4 26 0 6 27 1 9 28 2
14 21 0 12 21 1 9 21 2
7 31 0 11 27 1 14 26 2
6 26 0 7 27 1 8 28 2
10 24 0 11 23 1 12 23 2
1 26 0 14 16 1 7 30 2
11 19 0 5 20 1 0 22 2
8 31 0 6 30 1 8 29 2
13 21 0 14 19 1 11 19 2
6 19 0 8 26 1 10 26 2
10 21 0 10 24 1 11 27 2
9 29 0 8 26 1 8 24 2
3 17 0 7 17 1 12 17 2
15 28 0 12 28 1 9 28 2
3 29 0 4 24 1 6 20 2
11 25 0 12 26 1 12 27 2
7 27 0 4 29 1 2 31 2
4 19 0 4 20 1 4 22 2
4 17 0 4 18 1 4 20 2
3 17 0 9 19 1 2 21 2
5 26 0 7 21 1 9 29 2
8 22 0 9 20 1 8 20 2
12 27 0 15 21 1 4 26 2
13 24 0 13 21 1 11 18 2
8 26 0 7 20 1 7 16 2
3 25 0 2 25 1 1 26 2
1 23 0 8 22 1 1 22 2
9 28 0 8 28 1 10 27 2
9 29 0 8 28 1 7 27 2
8 21 0 5 22 1 2 23 2
6 26 0 6 26 1 6 27 2
13 22 0 14 23 1 13 26 2
7 22 0 5 25 1 6 24 2
12 29 0 11 30 1 10 31 2
7 26 0 9 28 1 11 31 2
11 27 0 13 25 1 13 24 2
14 16 0 14 19 1 14 22 2
8 22 0 8 21 1 13 20 2
13 22 0 8 25 1 10 29 2
10 26 0 7 23 1 1 21 2
9 16 0 9 16 1 10 16 2
8 20 0 5 18 1 3 21 2
9 21 0 5 16 1 2 20 2
14 19 0 11 18 1 9 18 2
12 23 0 13 23 1 13 28 2
10 21 0 13 20 1 15 19 2
14 16 0 11 18 1 12 20 2
7 26 0 9 25 1 0 26 2
6 24 0 9 24 1 12 24 2
11 17 0 8 16 1 6 17 2
8 16 0 7 21 1 7 26 2
11 25 0 9 27 1 7 29 2
4 19 0 9 17 1 15 16 2
12 22 0 12 21 1 12 21 2
5 23 0 6 21 1 7 19 2
5 29 0 7 26 1 9 16 2
8 17 0 7 21 1 6 28 2
1 22 0 1 24 1 6 21 2
5 27 0 6 27 1 6 18 2
11 25 0 10 23 1 9 21 2
3 22 0 6 24 1 9 26 2
8 26 0 7 28 1 7 29 2
15 25 0 7 25 1 10 26 2
6 29 0 6 22 1 6 16 2
4 22 0 6 25 1 0 17 2
8 27 0 9 27 1 9 27 2
7 25 0 8 24 1 3 23 2
11 30 0 10 30 1 9 30 2
2 30 0 4 30 1 6 30 2
14 20 0 11 21 1 3 23 2
12 25 0 15 22 1 5 20 2
13 27 0 13 25 1 14 23 2
13 23 0 13 21 1 0 22 2
7 24 0 14 27 1 15 17 2
4 26 0 3 22 1 2 19 2
1 31 0 1 29 1 1 27 2
1 20 0 5 21 1 8 23 2
11 18 0 8 18 1 6 18 2
15 21 0 8 17 1 1 19 2
10 19 0 6 19 1 2 20 2
13 23 0 11 24 1 10 26 2
11 22 0 11 22 1 12 21 2
5 30 0 6 28 1 6 31 2
15 18 0 10 23 1 4 16 2
2 20 0 9 16 1 1 20 2
12 28 0 15 25 1 13 30 2
2 22 0 4 21 1 7 21 2
8 30 0 10 20 1 9 29 2
12 24 0 10 21 1 8 19 2
10 23 0 8 19 1 2 27 2
1 30 0 2 30 1 3 31 2
14 17 0 13 23 1 12 17 2
11 18 0 10 19 1 9 29 2
15 23 0 3 23 1 7 23 2
13 28 0 8 29 1 3 30 2
3 16 0 2 31 1 1 30 2
14 26 0 15 27 1 14 28 2
5 26 0 8 30 1 10 27 2
8 21 0 7 23 1 6 27 2
4 28 0 5 29 1 5 30 2
1 31 0 9 27 1 13 23 2
8 25 0 7 26 1 7 28 2
15 21 0 15 26 1 15 28 2
1 31 0 2 31 1 3 31 2
8 30 0 6 27 1 4 26 2
14 30 0 15 31 1 13 31 2
14 27 0 14 25 1 14 24 2
1 31 0 5 29 1 9 26 2
11 27 0 9 21 1 4 28 2
8 27 0 5 24 1 4 21 2
10 25 0 9 20 1 9 21 2
9 27 0 4 24 1 6 23 2
3 27 0 3 29 1 3 29 2
13 21 0 14 23 1 15 26 2
10 25 0 10 24 1 10 23 2
13 28 0 12 29 1 11 31 2
13 26 0 11 26 1 8 27 2
10 28 0 11 29 1 12 31 2
12 31 0 15 17 1 9 18 2
5 21 0 0 20 1 15 20 2
8 31 0 5 30 1 7 28 2
15 20 0 12 21 1 9 22 2
13 22 0 12 20 1 11 20 2
14 21 0 15 23 1 8 28 2
7 30 0 4 31 1 2 31 2
1 26 0 5 27 1 2 29 2
5 22 0 9 21 1 13 21 2
13 29 0 14 17 1 15 28 2
13 31 0 11 30 1 9 28 2
2 18 0 4 18 1 7 18 2
3 16 0 5 21 1 6 27 2
10 19 0 7 19 1 5 20 2
10 20 0 12 24 1 15 29 2
11 28 0 9 27 1 8 27 2
9 19 0 0 23 1 0 18 2
15 16 0 4 16 1 15 17 2
10 27 0 11 28 1 13 30 2
6 23 0 7 23 1 2 29 2
12 26 0 12 26 1 2 26 2
3 23 0 3 21 1 2 20 2
7 25 0 11 24 1 14 24 2
6 17 0 4 19 1 2 21 2
9 31 0 9 23 1 10 16 2
14 29 0 1 27 1 15 16 2
8 29 0 8 27 1 9 26 2
1 24 0 3 23 1 5 23 2
1 29 0 14 31 1 13 29 2
3 20 0 2 19 1 0 19 2
12 26 0 7 27 1 2 28 2
8 19 0 5 18 1 2 19 2
8 20 0 7 23 1 7 27 2
12 29 0 10 29 1 7 29 2
12 27 0 11 22 1 8 18 2
7 25 0 7 16 1 2 17 2
4 23 0 2 21 1 0 19 2
15 21 0 13 22 1 11 23 2
3 25 0 5 25 1 7 26 2
11 16 0 9 19 1 14 21 2
7 30 0 9 29 1 5 29 2
9 21 0 9 19 1 9 16 2
2 19 0 4 21 1 7 24 2
9 18 0 5 18 1 0 18 2
3 30 0 2 27 1 1 24 2
11 30 0 7 27 1 4 24 2
13 18 0 14 24 1 14 30 2
5 19 0 8 21 1 10 23 2
3 16 0 15 18 1 10 19 2
4 19 0 5 20 1 6 18 2
12 26 0 8 26 1 5 26 2
10 24 0 5 20 1 13 16 2
12 28 0 9 28 1 10 29 2
9 24 0 10 22 1 11 19 2
14 20 0 15 20 1 15 21 2
12 20 0 12 20 1 12 21 2
6 25 0 6 27 1 6 29 2
15 23 0 12 27 1 8 16 2
2 20 0 6 25 1 9 31 2
14 27 0 11 28 1 8 28 2
9 24 0 8 24 1 7 24 2
13 24 0 11 23 1 5 22 2
14 22 0 14 26 1 13 31 2
12 22 0 11 23 1 9 24 2
3 24 0 6 27 1 9 29 2
6 16 0 5 17 1 3 19 2
12 18 0 13 18 1 15 18 2
11 27 0 0 27 1 6 30 2
11 27 0 10 25 1 9 24 2
10 29 0 12 24 1 14 20 2
14 19 0 15 20 1 15 22 2
6 29 0 11 25 1 15 22 2
9 29 0 9 28 1 9 27 2
13 20 0 15 21 1 0 18 2
8 21 0 3 21 1 2 21 2
12 31 0 8 23 1 6 24 2
4 20 0 8 21 1 12 22 2
12 30 0 9 20 1 7 23 2
3 19 0 3 25 1 2 31 2
4 29 0 6 26 1 8 23 2
7 16 0 10 31 1 13 26 2
8 25 0 9 25 1 10 30 2
7 16 0 3 17 1 0 19 2
7 27 0 4 27 1 1 29 2
13 30 0 10 26 1 7 23 2
14 30 0 7 22 1 15 23 2
7 30 0 11 28 1 14 26 2
5 21 0 8 21 1 11 22 2
7 19 0 4 20 1 1 21 2
14 29 0 10 29 1 6 29 2
5 26 0 11 27 1 15 28 2
9 18 0 10 19 1 13 20 2
8 16 0 8 19 1 7 22 2
13 26 0 14 25 1 15 23 2
11 30 0 14 18 1 15 16 2
8 25 0 9 22 1 10 20 2
5 28 0 2 18 1 12 21 2
11 19 0 15 18 1 13 20 2
2 30 0 5 28 1 8 26 2
6 22 0 3 18 1 1 16 2
8 17 0 11 18 1 14 19 2
4 19 0 5 19 1 6 20 2
3 27 0 4 31 1 4 28 2
1 30 0 4 30 1 8 29 2
13 24 0 9 23 1 5 23 2
8 29 0 8 26 1 7 24 2
7 24 0 5 24 1 3 24 2
8 29 0 5 29 1 3 30 2
11 23 0 8 21 1 6 21 2
6 26 0 9 24 1 13 22 2
10 28 0 11 28 1 12 29 2
1 17 0 4 18 1 6 21 2
8 18 0 10 19 1 1 20 2
4 28 0 1 28 1 15 29 2
7 19 0 7 21 1 7 24 2
1 28 0 3 21 1 5 22 2
6 24 0 6 24 1 7 24 2
10 27 0 10 27 1 10 27 2
12 25 0 2 26 1 8 27 2
8 29 0 6 26 1 4 24 2
15 26 0 13 28 1 10 30 2
10 17 0 11 21 1 13 26 2
9 29 0 11 26 1 13 23 2
4 30 0 5 26 1 6 22 2
2 22 0 4 19 1 5 17 2
13 16 0 12 22 1 11 20 2
2 27 0 3 25 1 4 28 2
2 29 0 7 27 1 11 20 2
13 22 0 13 22 1 13 24 2
7 25 0 7 22 1 8 18 2
4 25 0 6 23 1 8 20 2
7 17 0 4 21 1 1 24 2
7 31 0 9 18 1 10 29 2
13 24 0 2 18 1 12 18 2
7 21 0 11 21 1 7 21 2
8 18 0 6 17 1 5 17 2
8 29 0 6 26 1 3 24 2
10 27 0 1 25 1 7 23 2
6 28 0 8 29 1 9 31 2
11 28 0 8 18 1 4 24 2
13 19 0 2 18 1 3 19 2
5 30 0 7 27 1 9 24 2
4 20 0 6 22 1 11 23 2
12 26 0 10 25 1 8 24 2
14 18 0 3 28 1 14 22 2
1 24 0 3 21 1 5 19 2
12 28 0 13 30 1 11 29 2
10 28 0 12 29 1 4 30 2
6 17 0 10 22 1 15 27 2
4 23 0 4 22 1 3 22 2
9 27 0 5 28 1 2 29 2
8 20 0 10 21 1 13 16 2
11 21 0 3 23 1 5 26 2
4 31 0 5 28 1 6 18 2
13 23 0 8 22 1 3 21 2
3 22 0 3 21 1 3 23 2
5 26 0 4 23 1 4 21 2
10 30 0 13 27 1 14 30 2
8 17 0 5 21 1 3 26 2
12 24 0 8 27 1 3 31 2
3 21 0 14 19 1 4 16 2
14 25 0 15 26 1 13 23 2
2 16 0 6 16 1 15 16 2
8 21 0 7 20 1 4 21 2
14 20 0 11 21 1 8 23 2
2 29 0 6 29 1 9 29 2
4 20 0 2 17 1 0 17 2
9 19 0 11 24 1 13 28 2
13 24 0 10 23 1 6 22 2
5 30 0 5 26 1 4 22 2
7 29 0 3 29 1 0 29 2
4 23 0 8 21 1 12 20 2
14 31 0 10 28 1 6 24 2
9 21 0 11 20 1 12 19 2
2 28 0 3 30 1 4 31 2
14 17 0 15 17 1 1 17 2
11 22 0 11 20 1 8 19 2
10 16 0 11 17 1 12 19 2
3 21 0 15 20 1 10 20 2
1 29 0 2 30 1 2 31 2
13 16 0 12 19 1 7 28 2
11 29 0 13 26 1 15 28 2
1 20 0 3 19 1 4 18 2
15 19 0 2 26 1 4 16 2
11 16 0 9 18 1 7 19 2
6 31 0 13 27 1 10 22 2
10 24 0 7 23 1 4 22 2
2 31 0 5 31 1 7 31 2
8 19 0 11 18 1 14 18 2
14 28 0 9 25 1 6 22 2
12 26 0 12 31 1 7 30 2
9 28 0 11 27 1 12 26 2
2 22 0 2 21 1 2 21 2
15 17 0 13 20 1 12 23 2
4 29 0 5 28 1 6 27 2
9 24 0 9 22 1 5 20 2
13 20 0 11 18 1 9 17 2
4 19 0 3 24 1 1 29 2
13 31 0 13 29 1 12 27 2
11 28 0 10 28 1 9 27 2
11 30 0 9 27 1 7 17 2
1 29 0 4 16 1 6 27 2
5 16 0 10 18 1 15 21 2
12 30 0 10 26 1 11 30 2
10 28 0 10 23 1 6 18 2
2 26 0 4 22 1 6 19 2
13 29 0 11 29 1 8 29 2
3 29 0 8 30 1 13 31 2
7 27 0 6 27 1 5 27 2
6 27 0 6 25 1 5 24 2
3 29 0 3 26 1 2 22 2
2 16 0 5 29 1 9 27 2
11 22 0 12 20 1 13 18 2
13 22 0 11 25 1 10 20 2
3 27 0 6 22 1 9 17 2
7 19 0 4 19 1 1 20 2
8 24 0 8 27 1 7 30 2
13 20 0 8 25 1 4 29 2
13 26 0 12 28 1 11 30 2
8 21 0 9 24 1 10 28 2
5 21 0 3 22 1 0 24 2
7 16 0 6 21 1 5 27 2
11 25 0 12 26 1 13 27 2
6 16 0 3 17 1 0 23 2
12 21 0 9 17 1 5 26 2
5 22 0 13 24 1 10 22 2
7 21 0 0 5 1 7 29 2
4 22 0 6 22 1 8 24 2
9 20 0 8 20 1 7 21 2
13 17 0 12 19 1 15 16 2
12 25 0 13 27 1 13 29 2
13 22 0 13 19 1 14 17 2
9 28 0 8 26 1 7 26 2
10 27 0 8 21 1 6 19 2
9 20 0 12 22 1 15 21 2
8 31 0 7 30 1 6 29 2
7 17 0 9 19 1 12 22 2
5 24 0 5 22 1 6 22 2
2 30 0 3 28 1 5 22 2
5 29 0 9 30 1 13 29 2
2 17 0 1 22 1 0 28 2
13 24 0 7 29 1 2 31 2
1 30 0 2 30 1 3 19 2
5 24 0 7 25 1 8 26 2
11 17 0 9 16 1 6 19 2
4 29 0 3 28 1 2 27 2
15 30 0 14 28 1 13 26 2
15 28 0 15 29 1 15 29 2
4 16 0 9 22 1 14 28 2
9 23 0 9 20 1 10 18 2
13 28 0 7 24 1 2 21 2
6 28 0 6 27 1 4 27 2
14 18 0 11 20 1 9 22 2
8 25 0 6 24 1 5 24 2
3 18 0 0 18 1 1 19 2
7 31 0 6 28 1 5 24 2
12 16 0 13 16 1 15 17 2
7 29 0 6 29 1 6 29 2
1 26 0 5 27 1 10 27 2
8 29 0 7 23 1 7 17 2
1 27 0 7 24 1 13 22 2
15 22 0 15 19 1 15 26 2
10 24 0 10 26 1 11 27 2
14 31 0 12 26 1 10 16 2
4 17 0 8 18 1 11 20 2
4 16 0 3 23 1 3 16 2
7 21 0 4 21 1 1 22 2
9 30 0 5 29 1 2 27 2
10 27 0 10 25 1 10 24 2
5 26 0 4 26 1 4 27 2
3 19 0 8 21 1 12 24 2
15 23 0 11 21 1 7 20 2
8 29 0 8 23 1 8 23 2
5 23 0 6 25 1 8 27 2
6 31 0 12 29 1 15 28 2
5 23 0 9 22 1 13 21 2
13 19 0 12 23 1 11 28 2
4 19 0 8 18 1 12 17 2
5 30 0 5 31 1 6 31 2
6 28 0 4 29 1 2 30 2
15 24 0 13 18 1 11 23 2
12 19 0 13 18 1 14 19 2
1 22 0 0 23 1 0 24 2
7 31 0 7 31 1 7 31 2
9 27 0 10 27 1 10 27 2
2 25 0 1 27 1 5 19 2
12 25 0 9 27 1 10 29 2
2 29 0 6 29 1 11 29 2
3 22 0 6 22 1 8 23 2
1 25 0 3 23 1 3 17 2
2 30 0 5 20 1 8 16 2
12 25 0 13 24 1 13 24 2
6 22 0 9 26 1 11 30 2
15 31 0 15 30 1 4 30 2
3 19 0 2 19 1 2 19 2
3 25 0 7 23 1 11 18 2
7 18 0 7 18 1 8 22 2
3 25 0 4 24 1 5 23 2
4 18 0 5 18 1 5 19 2
8 22 0 11 22 1 14 23 2
12 23 0 6 21 1 11 21 2
7 17 0 6 21 1 5 31 2
8 23 0 8 25 1 8 23 2
6 23 0 3 27 1 0 31 2
5 27 0 5 28 1 5 29 2
14 23 0 13 25 1 12 28 2
7 30 0 5 29 1 9 28 2
8 25 0 7 27 1 6 30 2
15 28 0 13 29 1 11 31 2
4 20 0 9 24 1 13 29 2
15 20 0 15 23 1 14 26 2
9 28 0 6 24 1 1 21 2
4 19 0 4 19 1 5 21 2
2 29 0 5 29 1 8 29 2
10 19 0 6 19 1 1 19 2
8 28 0 14 29 1 12 30 2
10 25 0 10 24 1 11 22 2
7 30 0 5 28 1 4 26 2
14 17 0 13 18 1 12 19 2
10 19 0 10 20 1 10 22 2
10 17 0 6 27 1 0 31 2
2 22 0 12 21 1 8 28 2
12 31 0 2 24 1 9 17 2
7 22 0 10 29 1 12 21 2
11 23 0 7 27 1 4 31 2
7 25 0 6 31 1 5 21 2
1 16 0 5 18 1 9 20 2
9 21 0 10 21 1 12 22 2
12 26 0 7 30 1 2 24 2
15 29 0 14 28 1 12 27 2
15 26 0 14 26 1 15 23 2
12 24 0 11 26 1 10 28 2
2 31 0 4 30 1 5 29 2
7 21 0 7 25 1 7 31 2
1 17 0 1 16 1 2 16 2
2 25 0 1 28 1 1 31 2
1 22 0 4 23 1 6 26 2
3 16 0 2 21 1 1 26 2
13 18 0 7 21 1 1 24 2
7 31 0 7 26 1 7 21 2
5 28 0 4 22 1 3 16 2
5 23 0 6 26 1 7 29 2
14 27 0 12 29 1 12 31 2
9 24 0 3 25 1 11 27 2
4 21 0 0 22 1 9 23 2
8 28 0 10 25 1 11 24 2
14 27 0 0 30 1 3 18 2
4 28 0 3 29 1 2 29 2
9 30 0 9 26 1 9 21 2
1 20 0 2 18 1 1 17 2
11 25 0 10 26 1 9 27 2
9 31 0 9 30 1 8 29 2
14 22 0 14 22 1 13 21 2
2 31 0 1 26 1 0 21 2
7 21 0 7 23 1 8 26 2
5 27 0 5 23 1 4 21 2
9 28 0 1 28 1 3 29 2
15 26 0 12 25 1 9 27 2
5 22 0 8 24 1 11 26 2
12 30 0 9 29 1 9 30 2
11 26 0 10 23 1 9 22 2
12 23 0 12 24 1 11 28 2
15 30 0 15 28 1 15 26 2
1 25 0 5 27 1 9 29 2
12 17 0 9 18 1 2 19 2
14 27 0 15 22 1 15 17 2
2 18 0 4 24 1 6 26 2
15 24 0 12 25 1 10 26 2
8 29 0 10 21 1 12 20 2
3 22 0 1 25 1 3 31 2
7 25 0 4 23 1 0 27 2
7 16 0 12 16 1 11 16 2
5 28 0 0 24 1 6 16 2
5 29 0 9 28 1 12 28 2
15 30 0 14 28 1 12 27 2
11 23 0 11 21 1 11 20 2
12 24 0 12 21 1 11 18 2
9 24 0 13 25 1 11 17 2
15 25 0 12 24 1 10 24 2
8 28 0 2 16 1 6 20 2
7 27 0 8 27 1 10 27 2
11 26 0 8 26 1 4 26 2
1 29 0 0 26 1 0 24 2
10 28 0 5 21 1 0 16 2
4 27 0 3 31 1 2 31 2
6 23 0 8 23 1 10 17 2
4 23 0 4 26 1 4 29 2
8 21 0 6 23 1 5 26 2
13 18 0 10 19 1 8 21 2
15 27 0 13 28 1 11 29 2
9 29 0 10 25 1 11 22 2
11 28 0 11 24 1 12 20 2
6 21 0 3 18 1 1 16 2
13 26 0 2 24 1 4 23 2
9 27 0 12 29 1 14 30 2
12 24 0 12 21 1 3 16 2
15 21 0 14 19 1 12 17 2
9 24 0 12 26 1 15 27 2
14 24 0 14 22 1 14 21 2
9 27 0 9 25 1 9 24 2
12 20 0 10 27 1 15 20 2
3 29 0 4 29 1 5 30 2
14 19 0 8 25 1 3 31 2
8 17 0 7 21 1 7 26 2
11 24 0 9 24 1 6 17 2
15 19 0 14 20 1 13 21 2
8 22 0 5 23 1 2 24 2
11 25 0 11 26 1 11 27 2
6 23 0 11 24 1 1 26 2
6 29 0 5 28 1 4 27 2
15 30 0 9 28 1 3 26 2
14 24 0 10 26 1 6 29 2
13 19 0 13 17 1 12 16 2
4 20 0 6 20 1 7 20 2
10 28 0 11 27 1 11 26 2
6 21 0 6 21 1 5 21 2
5 31 0 8 29 1 10 27 2
12 24 0 12 21 1 12 18 2
7 23 0 4 31 1 1 30 2
2 17 0 4 20 1 6 24 2
10 25 0 4 23 1 10 22 2
9 27 0 8 22 1 8 17 2
7 29 0 10 26 1 8 23 2
2 24 0 6 26 1 10 28 2
7 25 0 4 28 1 1 30 2
13 19 0 15 19 1 10 19 2
13 18 0 9 23 1 4 28 2
11 30 0 13 29 1 14 29 2
15 26 0 1 29 1 3 26 2
10 18 0 3 22 1 13 26 2
4 26 0 4 28 1 4 29 2
13 24 0 5 23 1 13 22 2
2 28 0 2 29 1 3 30 2
1 17 0 1 17 1 2 17 2
6 16 0 7 17 1 8 19 2
12 26 0 13 28 1 4 30 2
10 16 0 11 17 1 6 20 2
11 26 0 9 28 1 7 22 2
4 30 0 5 24 1 5 18 2
7 22 0 4 23 1 2 23 2
14 30 0 13 29 1 11 28 2
15 25 0 15 28 1 14 31 2
11 24 0 5 20 1 11 17 2
2 28 0 4 26 1 5 24 2
5 31 0 7 30 1 9 29 2
4 30 0 7 26 1 10 23 2
12 25 0 9 22 1 8 20 2
7 18 0 13 17 1 10 17 2
8 19 0 12 23 1 15 19 2
10 20 0 11 21 1 13 22 2
9 28 0 11 26 1 12 23 2
2 26 0 1 23 1 0 21 2
10 30 0 9 25 1 4 24 2
11 24 0 10 19 1 9 16 2
7 31 0 8 22 1 9 30 2
14 23 0 12 17 1 9 17 2
13 29 0 15 24 1 2 19 2
6 16 0 15 20 1 15 21 2
15 17 0 10 19 1 5 21 2
3 22 0 3 25 1 2 28 2
4 19 0 3 25 1 3 31 2
12 28 0 9 23 1 6 19 2
7 25 0 6 25 1 5 26 2
13 16 0 11 16 1 9 17 2
5 18 0 4 19 1 3 21 2
14 28 0 11 28 1 8 28 2
2 20 0 7 24 1 12 29 2
7 21 0 6 19 1 5 17 2
5 21 0 7 18 1 5 16 2
11 29 0 6 28 1 1 27 2
3 23 0 2 23 1 2 24 2
4 22 0 6 25 1 7 28 2
14 22 0 14 21 1 14 21 2
12 19 0 7 23 1 3 28 2
8 25 0 7 25 1 4 24 2
4 31 0 3 29 1 3 28 2
2 16 0 6 17 1 10 19 2
7 26 0 1 27 1 9 29 2
15 27 0 13 26 1 11 24 2
7 25 0 8 24 1 8 24 2
6 27 0 7 23 1 9 19 2
5 26 0 6 25 1 8 24 2
5 16 0 6 16 1 7 16 2
4 21 0 2 19 1 0 18 2
9 31 0 5 24 1 3 21 2
2 27 0 7 26 1 13 26 2
5 27 0 4 28 1 3 28 2
11 24 0 9 20 1 8 17 2
7 29 0 7 24 1 7 26 2
13 27 0 11 26 1 9 26 2
14 20 0 4 18 1 2 29 2
4 20 0 3 20 1 3 20 2
12 29 0 12 24 1 11 19 2
10 23 0 6 23 1 1 24 2
11 21 0 13 16 1 15 19 2
9 18 0 12 18 1 14 18 2
4 22 0 4 26 1 4 30 2
13 24 0 11 21 1 9 19 2
8 19 0 8 19 1 9 19 2
12 26 0 13 25 1 14 24 2
6 28 0 4 24 1 2 23 2
1 21 0 4 19 1 7 19 2
12 19 0 12 19 1 9 20 2
1 29 0 12 29 1 12 28 2
3 26 0 1 20 1 13 22 2
6 19 0 5 18 1 4 19 2
5 24 0 4 22 1 4 21 2
4 22 0 5 22 1 2 23 2
9 18 0 4 21 1 5 23 2
2 24 0 1 24 1 1 24 2
3 18 0 2 20 1 0 22 2
6 21 0 7 26 1 9 30 2
9 18 0 9 17 1 10 16 2
3 24 0 5 21 1 8 18 2
11 16 0 4 24 1 12 19 2
3 22 0 7 22 1 13 22 2
4 24 0 5 24 1 6 26 2
1 24 0 8 22 1 15 19 2
10 28 0 12 26 1 13 26 2
10 29 0 12 23 1 14 26 2
9 26 0 12 27 1 15 24 2
5 29 0 5 29 1 7 31 2
15 31 0 11 26 1 6 22 2
12 25 0 12 26 1 12 30 2
14 26 0 10 29 1 6 21 2
10 23 0 13 26 1 15 29 2
9 21 0 9 20 1 9 19 2
14 26 0 12 23 1 10 21 2
2 26 0 2 25 1 2 24 2
8 23 0 9 23 1 9 24 2
3 20 0 2 18 1 0 18 2
11 24 0 10 18 1 9 24 2
13 26 0 9 22 1 5 18 2
3 24 0 6 23 1 9 23 2
1 16 0 5 17 1 9 19 2
6 24 0 6 27 1 7 28 2
7 31 0 4 26 1 0 22 2
5 29 0 6 19 1 7 18 2
12 28 0 12 16 1 12 16 2
15 22 0 12 25 1 9 29 2
2 22 0 2 22 1 1 22 2
9 27 0 11 26 1 14 27 2
7 26 0 10 27 1 13 29 2
14 21 0 9 23 1 8 29 2
4 22 0 9 21 1 14 20 2
9 19 0 11 20 1 12 21 2
3 31 0 9 24 1 15 19 2
13 16 0 14 16 1 15 17 2
7 18 0 5 21 1 4 24 2
5 19 0 3 16 1 2 17 2
12 31 0 14 27 1 10 23 2
3 18 0 3 19 1 3 20 2
7 31 0 0 29 1 3 17 2
1 16 0 2 16 1 3 16 2
11 27 0 12 28 1 13 29 2
15 19 0 14 22 1 14 23 2
11 25 0 11 25 1 4 26 2
3 24 0 3 21 1 2 19 2
9 23 0 10 24 1 12 24 2
10 28 0 11 28 1 12 28 2
7 24 0 9 23 1 8 26 2
9 27 0 9 28 1 9 30 2
12 27 0 12 29 1 10 31 2
15 27 0 12 27 1 10 28 2
6 25 0 9 29 1 13 21 2
5 27 0 7 25 1 8 24 2
6 31 0 3 26 1 0 21 2
7 25 0 5 25 1 3 24 2
4 22 0 2 16 1 2 16 2
5 25 0 12 24 1 7 28 2
1 19 0 2 19 1 2 20 2
14 25 0 14 24 1 15 22 2
2 26 0 2 21 1 2 17 2
8 28 0 8 26 1 9 24 2
8 25 0 9 27 1 10 30 2
12 21 0 14 25 1 8 29 2
7 19 0 6 16 1 6 24 2
14 23 0 13 28 1 10 23 2
9 23 0 8 26 1 7 19 2
8 25 0 5 26 1 2 28 2
3 23 0 2 25 1 0 28 2
3 31 0 7 26 1 7 20 2
14 22 0 14 20 1 15 19 2
5 16 0 8 18 1 14 20 2
11 31 0 12 27 1 12 23 2
1 28 0 2 29 1 3 30 2
11 21 0 13 19 1 15 17 2
11 24 0 5 25 1 0 27 2
10 23 0 13 22 1 14 21 2
6 20 0 4 20 1 2 20 2
7 30 0 13 29 1 11 27 2
5 23 0 5 21 1 5 19 2
5 26 0 6 23 1 7 20 2
1 31 0 7 31 1 12 30 2
2 18 0 4 21 1 2 20 2
9 29 0 10 21 1 11 23 2
11 19 0 10 21 1 10 28 2
5 25 0 5 24 1 1 21 2
3 20 0 5 23 1 7 26 2
6 17 0 7 19 1 8 23 2
5 25 0 5 25 1 5 27 2
6 28 0 9 22 1 12 17 2
15 27 0 9 29 1 4 31 2
8 31 0 9 30 1 10 29 2
15 16 0 10 19 1 11 23 2
8 31 0 12 30 1 9 29 2
9 19 0 8 19 1 6 20 2
6 18 0 5 19 1 3 21 2
10 18 0 11 25 1 13 24 2
3 19 0 2 18 1 2 18 2
9 16 0 10 16 1 11 16 2
9 18 0 8 19 1 6 20 2
2 23 0 5 24 1 8 26 2
11 28 0 12 27 1 13 28 2
6 19 0 5 20 1 4 22 2
7 25 0 6 23 1 5 20 2
10 30 0 12 28 1 14 24 2
1 21 0 3 20 1 5 20 2
14 19 0 11 19 1 8 19 2
8 31 0 6 27 1 5 24 2
9 20 0 9 21 1 9 22 2
5 31 0 1 16 1 10 18 2
7 17 0 9 21 1 12 31 2
12 23 0 11 22 1 12 21 2
2 31 0 2 26 1 4 21 2
5 19 0 5 24 1 6 29 2
10 24 0 7 23 1 4 22 2
7 24 0 5 23 1 2 23 2
11 25 0 12 24 1 13 23 2
8 24 0 6 20 1 7 16 2
3 27 0 13 29 1 14 31 2
4 25 0 8 23 1 12 20 2
12 20 0 7 19 1 2 19 2
11 22 0 12 17 1 13 21 2
7 31 0 15 29 1 9 26 2
11 22 0 6 24 1 3 30 2
4 18 0 8 20 1 12 23 2
2 17 0 4 19 1 14 23 2
11 26 0 7 28 1 4 31 2
1 29 0 2 27 1 1 27 2
6 25 0 5 29 1 4 24 2
11 30 0 11 28 1 11 26 2
8 29 0 4 30 1 0 30 2
7 29 0 8 28 1 8 27 2
3 21 0 1 20 1 0 21 2
6 24 0 7 24 1 8 26 2
12 31 0 13 25 1 8 27 2
12 16 0 10 20 1 9 24 2
6 24 0 9 19 1 12 17 2
3 22 0 1 22 1 0 26 2
7 29 0 6 30 1 5 30 2
14 24 0 13 26 1 11 29 2
7 31 0 6 28 1 5 26 2
12 22 0 12 21 1 11 20 2
4 24 0 5 23 1 5 23 2
2 22 0 4 21 1 6 21 2
7 25 0 7 27 1 7 29 2
12 28 0 12 26 1 11 24 2
5 17 0 5 20 1 6 23 2
9 28 0 10 28 1 12 28 2
13 22 0 9 29 1 9 30 2
1 25 0 14 27 1 12 30 2
5 20 0 7 21 1 0 23 2
10 21 0 3 20 1 6 19 2
14 22 0 14 25 1 15 18 2
11 17 0 9 18 1 9 19 2
7 28 0 7 29 1 7 30 2
5 23 0 14 24 1 0 27 2
3 26 0 7 21 1 11 16 2
14 22 0 9 20 1 5 24 2
14 31 0 14 28 1 14 24 2
10 28 0 8 23 1 6 19 2
3 27 0 9 24 1 14 21 2
8 24 0 5 28 1 1 23 2
14 24 0 11 20 1 9 16 2
11 31 0 9 26 1 8 22 2
15 27 0 13 27 1 11 26 2
7 27 0 9 29 1 10 31 2
7 21 0 6 24 1 5 27 2
3 20 0 5 19 1 7 18 2
7 20 0 0 20 1 5 20 2
2 30 0 4 4 1 8 21 2
10 25 0 10 26 1 10 27 2
15 31 0 11 25 1 6 20 2
3 24 0 4 27 1 5 30 2
10 21 0 9 20 1 8 20 2
10 23 0 12 23 1 13 24 2
12 30 0 10 26 1 8 23 2
11 28 0 7 30 1 2 30 2
14 30 0 6 23 1 13 17 2
3 19 0 14 19 1 11 19 2
9 16 0 7 16 1 4 17 2
6 20 0 11 22 1 8 24 2
2 22 0 2 23 1 2 23 2
6 22 0 9 19 1 13 17 2
1 25 0 7 28 1 13 30 2
11 24 0 10 20 1 9 27 2
11 19 0 7 24 1 3 30 2
8 27 0 5 27 1 2 27 2
11 31 0 13 27 1 14 24 2
11 30 0 10 29 1 9 20 2
5 29 0 12 28 1 5 27 2
4 31 0 4 30 1 3 29 2
3 22 0 9 21 1 14 21 2
1 27 0 4 25 1 8 22 2
15 21 0 15 19 1 13 18 2
7 20 0 7 20 1 7 20 2
11 29 0 5 26 1 5 23 2
3 27 0 5 24 1 6 21 2
10 28 0 12 28 1 9 26 2
8 18 0 11 20 1 13 22 2
5 21 0 9 20 1 13 20 2
3 21 0 3 20 1 3 20 2
15 30 0 15 27 1 13 16 2
12 25 0 13 25 1 15 26 2
8 24 0 10 20 1 12 17 2
6 20 0 5 20 1 5 21 2
5 27 0 7 28 1 8 18 2
12 17 0 8 18 1 4 20 2
11 17 0 8 28 1 5 27 2
6 22 0 4 24 1 2 26 2
7 22 0 6 22 1 5 23 2
11 30 0 11 25 1 10 20 2
14 27 0 13 26 1 11 26 2
7 20 0 4 21 1 5 23 2
13 31 0 12 26 1 10 21 2
12 29 0 7 23 1 2 19 2
13 29 0 12 29 1 10 31 2
9 28 0 11 26 1 13 24 2
14 17 0 12 17 1 10 17 2
1 29 0 3 29 1 4 29 2
9 29 0 11 25 1 14 17 2
12 21 0 12 19 1 11 20 2
14 21 0 12 21 1 11 21 2
3 21 0 2 21 1 1 22 2
15 23 0 15 24 1 15 26 2
4 26 0 3 28 1 2 21 2
11 28 0 1 26 1 4 27 2
9 17 0 9 21 1 8 26 2
11 28 0 9 18 1 4 30 2
1 24 0 2 22 1 3 22 2
1 21 0 1 25 1 2 29 2
10 21 0 6 29 1 3 18 2
10 29 0 8 26 1 6 24 2
14 29 0 8 23 1 1 18 2
3 16 0 2 19 1 0 23 2
4 25 0 8 27 1 11 22 2
11 28 0 12 22 1 12 19 2
2 22 0 2 26 1 1 31 2
1 16 0 9 19 1 1 23 2
13 22 0 14 21 1 14 20 2
12 17 0 3 18 1 3 27 2
12 28 0 9 25 1 7 24 2
1 23 0 1 22 1 1 21 2
9 16 0 12 20 1 15 22 2
14 27 0 11 19 1 5 23 2
15 24 0 11 21 1 6 19 2
12 22 0 8 24 1 5 26 2
2 21 0 3 20 1 3 18 2
7 27 0 4 28 1 0 30 2
8 29 0 11 26 1 14 23 2
6 22 0 6 23 1 6 26 2
9 23 0 11 21 1 13 20 2
1 26 0 3 28 1 5 31 2
4 27 0 4 25 1 5 24 2
5 21 0 3 23 1 1 27 2
6 20 0 10 23 1 14 26 2
3 28 0 2 27 1 0 24 2
2 25 0 4 22 1 7 20 2
10 30 0 11 27 1 13 24 2
6 30 0 3 31 1 0 31 2
13 30 0 11 27 1 9 26 2
12 30 0 12 28 1 14 27 2
15 21 0 14 21 1 12 21 2
1 20 0 1 22 1 1 24 2
1 23 0 0 19 1 0 16 2
6 20 0 8 20 1 10 21 2
11 26 0 12 25 1 13 24 2
11 20 0 10 17 1 9 29 2
7 28 0 4 28 1 1 29 2
2 17 0 12 21 1 3 26 2
8 27 0 4 25 1 0 24 2
2 25 0 12 22 1 1 14 2
8 29 0 7 26 1 6 24 2
10 20 0 10 20 1 10 20 2
8 29 0 8 24 1 15 24 2
8 20 0 9 21 1 14 22 2
4 31 0 4 30 1 5 28 2
7 31 0 6 29 1 5 28 2
13 31 0 9 20 1 0 26 2
11 29 0 9 23 1 6 17 2
2 30 0 1 31 1 5 31 2
12 17 0 14 17 1 14 19 2
10 28 0 7 29 1 3 30 2
1 21 0 2 24 1 3 27 2
12 23 0 12 31 1 12 28 2
3 26 0 3 28 1 3 31 2
1 29 0 3 22 1 14 20 2
7 20 0 13 22 1 15 23 2
11 22 0 7 22 1 3 23 2
7 18 0 9 17 1 11 18 2
2 20 0 5 19 1 8 21 2
6 28 0 4 22 1 3 27 2
11 17 0 12 16 1 14 16 2
4 22 0 13 24 1 12 26 2
1 18 0 2 17 1 3 18 2
7 23 0 5 25 1 3 27 2
11 29 0 7 29 1 3 29 2
11 28 0 7 25 1 3 22 2
3 19 0 3 21 1 3 24 2
12 25 0 12 21 1 12 20 2
10 25 0 10 22 1 10 20 2
13 29 0 12 24 1 10 19 2
13 17 0 13 22 1 9 27 2
5 20 0 5 21 1 6 22 2
5 31 0 9 30 1 10 27 2
5 27 0 4 21 1 3 17 2
15 17 0 7 23 1 0 29 2
10 21 0 12 20 1 12 19 2
10 24 0 4 25 1 6 26 2
2 31 0 4 27 1 6 22 2
11 22 0 10 21 1 10 21 2
8 25 0 8 24 1 8 24 2
6 21 0 7 19 1 8 19 2
7 27 0 9 26 1 12 24 2
12 19 0 11 18 1 10 17 2
2 22 0 3 16 1 3 29 2
1 26 0 2 21 1 4 16 2
9 19 0 5 20 1 2 21 2
8 21 0 12 20 1 15 20 2
15 16 0 14 16 1 13 17 2
9 31 0 11 30 1 14 30 2
5 29 0 6 31 1 7 26 2
9 24 0 8 22 1 7 19 2
5 22 0 3 20 1 1 18 2
13 19 0 10 24 1 6 29 2
5 28 0 3 25 1 2 23 2
9 26 0 11 26 1 12 23 2
7 31 0 8 25 1 9 19 2
14 22 0 14 19 1 14 16 2
12 31 0 11 28 1 11 16 2
9 28 0 10 27 1 11 26 2
1 25 0 4 22 1 8 19 2
7 30 0 9 30 1 10 31 2
5 27 0 4 23 1 4 20 2
10 16 0 12 18 1 15 22 2
10 20 0 13 19 1 10 19 2
1 28 0 1 30 1 4 30 2
5 30 0 3 31 1 0 31 2
12 22 0 11 24 1 10 27 2
6 24 0 5 25 1 3 28 2
11 28 0 10 27 1 9 26 2
5 29 0 3 23 1 1 17 2
5 27 0 7 26 1 9 26 2
9 21 0 6 20 1 2 19 2
8 21 0 4 28 1 1 28 2
5 22 0 9 21 1 12 21 2
5 24 0 13 25 1 11 26 2
13 28 0 9 25 1 4 21 2
7 16 0 9 17 1 11 20 2
3 27 0 6 26 1 9 26 2
10 22 0 10 23 1 9 24 2
14 24 0 15 23 1 15 21 2
3 31 0 3 28 1 4 17 2
2 25 0 1 25 1 2 22 2
12 26 0 11 25 1 10 24 2
7 28 0 6 17 1 12 31 2
10 24 0 11 23 1 12 22 2
7 31 0 15 25 1 11 27 2
1 24 0 6 23 1 10 27 2
6 31 0 6 31 1 5 31 2
9 30 0 9 30 1 9 29 2
15 25 0 11 26 1 12 28 2
7 24 0 9 29 1 3 29 2
5 21 0 4 19 1 4 24 2
7 21 0 2 21 1 1 24 2
5 23 0 2 17 1 7 21 2
9 31 0 0 30 1 11 29 2
10 16 0 10 18 1 10 21 2
10 23 0 11 25 1 11 27 2
12 25 0 9 25 1 6 20 2
12 24 0 7 20 1 3 16 2
10 26 0 7 21 1 4 16 2
6 13 0 12 26 1 10 24 2
8 26 0 11 24 1 6 21 2
8 16 0 7 21 1 6 26 2
4 20 0 3 18 1 3 17 2
6 26 0 9 26 1 13 27 2
8 31 0 9 28 1 10 29 2
6 17 0 8 24 1 10 31 2
5 26 0 8 27 1 12 30 2
13 30 0 13 29 1 13 28 2
13 21 0 8 26 1 2 31 2
12 19 0 8 19 1 6 21 2
11 27 0 12 28 1 13 29 2
3 21 0 3 21 1 4 21 2
14 30 0 15 28 1 15 27 2
2 17 0 5 17 1 8 18 2
13 17 0 12 18 1 12 19 2
10 26 0 9 25 1 8 24 2
8 23 0 14 21 1 2 18 2
3 19 0 4 19 1 9 19 2
4 27 0 3 25 1 2 23 2
2 20 0 3 18 1 4 18 2
5 19 0 10 21 1 15 23 2
1 18 0 4 21 1 7 24 2
10 19 0 11 26 1 11 19 2
12 16 0 14 19 1 11 21 2
5 27 0 0 27 1 3 27 2
5 18 0 6 20 1 8 22 2
7 28 0 5 30 1 3 22 2
1 29 0 5 30 1 9 31 2
13 29 0 10 26 1 7 23 2
13 16 0 11 20 1 9 28 2
15 16 0 12 16 1 10 16 2
3 29 0 12 24 1 5 24 2
5 21 0 3 22 1 2 24 2
13 23 0 13 25 1 12 28 2
11 20 0 5 18 1 8 16 2
1 21 0 2 17 1 4 21 2
13 24 0 4 25 1 7 27 2
5 28 0 5 28 1 4 29 2
10 22 0 11 22 1 11 23 2
6 21 0 9 24 1 12 28 2
15 17 0 14 16 1 14 17 2
11 22 0 13 29 1 14 24 2
14 22 0 12 24 1 9 26 2
5 28 0 5 24 1 4 19 2
4 30 0 7 30 1 9 30 2
6 22 0 3 22 1 1 24 2
8 23 0 6 19 1 4 26 2
2 20 0 1 21 1 1 22 2
9 18 0 6 19 1 3 22 2
15 22 0 8 25 1 3 28 2
8 18 0 5 31 1 1 30 2
8 20 0 13 20 1 5 21 2
2 16 0 2 23 1 2 29 2
5 25 0 4 20 1 2 17 2
5 21 0 4 30 1 3 22 2
10 26 0 8 26 1 5 27 2
11 29 0 6 22 1 0 16 2
7 31 0 5 30 1 2 29 2
9 28 0 7 29 1 5 29 2
9 23 0 9 27 1 11 31 2
8 29 0 12 27 1 15 26 2
12 19 0 13 20 1 15 20 2
2 31 0 8 30 1 8 17 2
10 20 0 12 20 1 3 22 2
1 28 0 8 30 1 14 29 2
3 20 0 2 20 1 1 22 2
7 27 0 11 29 1 15 31 2
12 23 0 12 20 1 12 17 2
1 23 0 1 22 1 1 22 2
6 19 0 3 19 1 0 20 2
13 29 0 13 28 1 12 27 2
13 28 0 3 28 1 0 27 2
3 25 0 5 27 1 7 30 2
9 19 0 5 18 1 1 18 2
13 28 0 13 29 1 12 31 2
15 26 0 8 27 1 0 29 2
4 26 0 14 29 1 12 19 2
2 19 0 3 20 1 4 22 2
14 23 0 11 26 1 9 29 2
15 26 0 14 23 1 12 20 2
7 21 0 6 21 1 6 23 2
15 31 0 15 24 1 15 24 2
7 23 0 9 20 1 11 17 2
15 27 0 15 16 1 14 17 2
12 20 0 15 22 1 14 16 2
1 22 0 4 16 1 9 21 2
12 25 0 12 21 1 12 18 2
12 28 0 9 28 1 7 28 2
8 23 0 11 21 1 15 20 2
2 19 0 6 24 1 9 31 2
11 25 0 10 27 1 8 30 2
13 20 0 13 20 1 10 21 2
3 27 0 5 29 1 7 31 2
3 29 0 4 18 1 9 18 2
11 29 0 3 19 1 6 27 2
8 26 0 6 28 1 3 31 2
13 23 0 6 26 1 3 30 2
6 27 0 11 22 1 3 27 2
3 16 0 4 21 1 6 28 2
15 29 0 14 27 1 14 26 2
10 27 0 11 26 1 14 29 2
1 21 0 5 20 1 6 20 2
11 22 0 13 24 1 15 27 2
12 16 0 12 23 1 12 31 2
7 29 0 4 31 1 1 17 2
1 20 0 1 19 1 0 17 2
5 30 0 5 28 1 4 26 2
2 17 0 3 19 1 4 23 2
4 18 0 3 27 1 2 28 2
3 25 0 6 21 1 9 19 2
6 29 0 5 30 1 4 31 2
2 31 0 3 23 1 6 24 2
9 27 0 11 25 1 12 23 2
3 16 0 7 17 1 10 20 2
6 20 0 9 20 1 12 21 2
4 27 0 2 29 1 1 31 2
5 20 0 6 20 1 8 20 2
9 23 0 9 23 1 9 23 2
6 26 0 5 27 1 5 27 2
8 28 0 9 27 1 11 28 2
1 24 0 7 21 1 13 19 2
2 23 0 4 26 1 4 28 2
10 25 0 11 20 1 7 16 2
4 29 0 4 26 1 4 23 2
4 28 0 5 27 1 7 26 2
13 21 0 10 22 1 6 23 2
7 29 0 7 21 1 6 29 2
5 21 0 5 19 1 8 17 2
3 25 0 3 26 1 4 28 2
8 29 0 11 29 1 13 29 2
12 30 0 14 28 1 15 27 2
11 21 0 9 25 1 8 28 2
8 24 0 7 24 1 7 24 2
5 18 0 6 19 1 7 22 2
10 20 0 10 25 1 10 30 2
15 30 0 14 31 1 13 31 2
1 31 0 14 25 1 15 20 2
13 22 0 11 21 1 8 21 2
15 19 0 12 21 1 9 24 2
2 18 0 4 16 1 1 19 2
7 28 0 5 29 1 2 29 2
8 24 0 11 21 1 13 19 2
11 30 0 7 28 1 1 26 2
7 16 0 10 17 1 13 19 2
13 30 0 11 29 1 9 28 2
11 31 0 8 21 1 8 22 2
4 21 0 5 22 1 6 24 2
11 20 0 9 21 1 7 23 2
13 30 0 12 30 1 11 31 2
1 26 0 3 22 1 4 19 2
3 19 0 2 22 1 2 19 2
9 18 0 9 16 1 9 29 2
7 25 0 8 26 1 8 26 2
10 17 0 7 17 1 4 17 2
6 24 0 6 24 1 6 24 2
14 18 0 13 21 1 12 24 2
12 21 0 6 20 1 15 22 2
8 28 0 7 25 1 7 22 2
13 29 0 13 29 1 14 29 2
9 25 0 6 25 1 2 26 2
3 29 0 3 23 1 2 17 2
3 29 0 5 31 1 6 27 2
3 22 0 2 24 1 0 27 2
13 19 0 14 27 1 15 28 2
10 24 0 9 23 1 7 22 2
9 29 0 10 27 1 11 26 2
12 26 0 8 26 1 3 30 2
11 27 0 12 25 1 15 31 2
11 20 0 12 17 1 12 16 2
15 16 0 3 18 1 12 20 2
12 20 0 8 23 1 4 27 2
3 26 0 5 26 1 8 27 2
5 25 0 4 26 1 1 27 2
6 22 0 5 17 1 2 20 2
11 28 0 9 28 1 8 29 2
5 16 0 5 16 1 4 16 2
5 28 0 5 29 1 4 30 2
7 16 0 8 19 1 10 21 2
13 27 0 13 28 1 13 29 2
4 18 0 1 20 1 2 24 2
4 21 0 14 20 1 15 19 2
6 25 0 8 22 1 11 19 2
5 25 0 3 22 1 4 20 2
15 19 0 5 19 1 7 19 2
6 22 0 7 28 1 7 30 2
1 24 0 3 22 1 4 21 2
5 21 0 7 31 1 8 20 2
5 28 0 7 29 1 10 31 2
11 28 0 14 25 1 13 30 2
9 17 0 12 20 1 15 23 2
4 29 0 6 29 1 8 30 2
3 20 0 6 25 1 9 22 2
13 20 0 14 25 1 15 31 2
8 23 0 11 23 1 14 24 2
15 27 0 15 29 1 15 30 2
14 17 0 9 20 1 3 24 2
3 18 0 2 17 1 0 17 2
8 19 0 9 23 1 11 28 2
1 20 0 2 19 1 2 19 2
15 31 0 10 22 1 5 22 2
13 20 0 13 21 1 13 23 2
15 20 0 12 21 1 8 24 2
4 20 0 7 23 1 4 16 2
9 26 0 8 27 1 7 29 2
8 22 0 8 19 1 9 17 2
4 16 0 4 17 1 5 19 2
6 30 0 6 29 1 5 28 2
14 21 0 14 24 1 14 27 2
15 20 0 15 21 1 14 23 2
2 29 0 5 27 1 8 24 2
15 18 0 15 23 1 14 29 2
3 16 0 3 18 1 4 21 2
9 19 0 9 18 1 8 18 2
11 20 0 13 20 1 15 20 2
2 28 0 4 28 1 6 27 2
10 26 0 10 28 1 10 31 2
3 17 0 7 16 1 12 16 2
5 28 0 3 29 1 3 31 2
3 28 0 10 23 1 1 18 2
11 20 0 6 23 1 1 26 2
14 19 0 12 20 1 6 22 2
9 23 0 10 20 1 11 18 2
2 22 0 2 25 1 2 27 2
2 4 0 7 25 1 11 31 2
7 21 0 6 22 1 6 23 2
13 26 0 14 24 1 10 21 2
13 27 0 9 26 1 5 26 2
11 26 0 9 28 1 7 26 2
3 22 0 1 21 1 0 21 2
5 24 0 5 23 1 5 22 2
9 20 0 11 23 1 13 27 2
9 19 0 9 22 1 10 17 2
13 26 0 13 26 1 13 27 2
13 23 0 8 19 1 3 16 2
6 22 0 4 24 1 2 27 2
11 22 0 11 20 1 11 18 2
15 25 0 14 27 1 13 30 2
6 17 0 6 16 1 6 16 2
3 19 0 5 27 1 6 30 2
7 19 0 7 20 1 6 22 2
10 21 0 10 25 1 11 29 2
14 16 0 9 21 1 4 27 2
8 22 0 8 24 1 11 28 2
4 30 0 2 29 1 1 27 2
8 16 0 9 16 1 10 16 2
9 25 0 10 16 1 0 20 2
5 25 0 3 22 1 1 20 2
15 21 0 15 20 1 15 18 2
13 19 0 9 23 1 5 27 2
4 24 0 4 23 1 5 22 2
10 30 0 9 29 1 7 28 2
5 19 0 3 16 1 0 31 2
7 20 0 6 18 1 6 17 2
1 21 0 7 25 1 12 30 2
9 17 0 12 19 1 2 14 2
7 17 0 8 17 1 9 17 2
11 30 0 11 30 1 11 29 2
4 21 0 7 20 1 10 22 2
8 19 0 1 17 1 9 16 2
1 28 0 8 29 1 15 30 2
13 17 0 10 24 1 11 29 2
11 23 0 11 25 1 11 28 2
5 26 0 5 24 1 4 23 2
8 25 0 3 23 1 1 21 2
12 28 0 7 26 1 4 28 2
8 25 0 9 27 1 10 28 2
4 16 0 4 16 1 3 16 2
14 19 0 14 24 1 14 19 2
10 28 0 1 25 1 15 23 2
4 26 0 5 20 1 5 22 2
7 16 0 8 21 1 8 27 2
14 30 0 14 22 1 15 16 2
8 24 0 4 26 1 4 28 2
11 24 0 5 25 1 14 27 2
15 30 0 15 29 1 15 23 2
9 31 0 11 31 1 13 30 2
2 17 0 6 16 1 5 16 2
7 17 0 7 17 1 8 18 2
11 25 0 9 24 1 5 26 2
5 17 0 7 19 1 9 22 2
14 16 0 11 21 1 8 26 2
13 20 0 10 17 1 7 23 2
3 31 0 2 28 1 0 30 2
11 20 0 8 18 1 5 17 2
4 23 0 8 26 1 13 29 2
14 23 0 0 20 1 6 17 2
6 27 0 3 27 1 1 27 2
15 20 0 15 17 1 15 16 2
6 21 0 8 21 1 10 21 2
10 19 0 7 18 1 4 16 2
9 20 0 8 18 1 7 18 2
15 31 0 10 24 1 5 17 2
10 17 0 9 17 1 8 18 2
13 16 0 9 18 1 10 21 2
10 29 0 5 24 1 0 19 2
13 23 0 7 22 1 6 23 2
8 30 0 11 28 1 14 26 2
4 27 0 6 29 1 8 31 2
4 24 0 8 23 1 12 22 2
4 24 0 9 24 1 14 24 2
9 26 0 10 27 1 11 28 2
4 31 0 4 26 1 3 22 2
8 30 0 10 26 1 12 22 2
14 18 0 14 21 1 15 24 2
4 25 0 15 26 1 15 23 2
12 24 0 12 22 1 12 20 2
1 17 0 7 18 1 11 19 2
6 31 0 11 25 1 15 20 2
13 25 0 12 23 1 11 21 2
2 31 0 4 27 1 6 24 2
1 16 0 3 17 1 4 18 2
9 27 0 7 22 1 6 17 2
9 17 0 9 16 1 7 18 2
10 23 0 9 27 1 0 20 2
1 28 0 7 29 1 13 27 2
6 24 0 10 25 1 15 26 2
5 29 0 5 29 1 4 28 2
5 25 0 10 24 1 14 23 2
8 22 0 10 21 1 11 20 2
8 30 0 4 29 1 0 29 2
9 28 0 11 29 1 12 26 2
11 30 0 11 29 1 11 28 2
3 27 0 4 23 1 6 19 2
2 21 0 1 22 1 7 24 2
6 17 0 8 18 1 10 20 2
4 20 0 4 22 1 5 24 2
15 18 0 10 20 1 5 22 2
7 29 0 4 30 1 0 30 2
8 25 0 8 21 1 8 18 2
5 20 0 12 25 1 12 30 2
5 25 0 8 24 1 11 23 2
5 24 0 6 23 1 8 22 2
12 26 0 9 24 1 9 23 2
2 22 0 2 24 1 2 26 2
7 25 0 6 23 1 2 22 2
4 19 0 3 19 1 2 21 2
6 21 0 5 16 1 4 17 2
3 27 0 4 20 1 4 20 2
1 29 0 3 26 1 4 27 2
15 19 0 10 19 1 12 30 2
4 24 0 3 24 1 3 24 2
3 17 0 4 17 1 5 19 2
4 18 0 4 21 1 3 26 2
6 26 0 8 22 1 9 19 2
13 28 0 13 29 1 12 31 2
4 25 0 14 24 1 14 23 2
12 25 0 13 23 1 15 21 2
9 27 0 5 25 1 4 16 2
10 26 0 13 23 1 15 21 2
12 21 0 9 19 1 7 17 2
2 17 0 4 17 1 6 17 2
5 22 0 4 25 1 4 28 2
13 26 0 10 26 1 8 26 2
7 21 0 10 20 1 13 18 2
11 22 0 11 22 1 12 24 2
6 27 0 10 25 1 14 24 2
5 26 0 7 24 1 9 21 2
3 21 0 3 24 1 3 27 2
7 30 0 5 27 1 4 24 2
15 21 0 5 19 1 3 18 2
7 28 0 9 28 1 11 28 2
9 25 0 7 26 1 5 27 2
8 22 0 8 26 1 8 30 2
10 29 0 7 29 1 3 29 2
6 20 0 14 23 1 14 26 2
1 16 0 11 22 1 11 27 2
8 21 0 9 24 1 9 27 2
9 17 0 8 16 1 7 16 2
9 29 0 5 23 1 0 17 2
4 28 0 5 25 1 7 22 2
12 19 0 7 21 1 9 24 2
4 30 0 13 29 1 1 27 2
1 23 0 2 21 1 4 19 2
13 26 0 7 28 1 1 29 2
4 25 0 3 22 1 3 21 2
8 16 0 5 18 1 1 21 2
12 28 0 10 24 1 9 20 2
6 27 0 4 27 1 3 28 2
11 27 0 11 24 1 10 22 2
6 22 0 3 25 1 0 29 2
7 19 0 2 18 1 12 18 2
11 30 0 7 18 1 0 16 2
15 17 0 15 16 1 15 16 2
9 22 0 9 21 1 10 21 2
2 26 0 2 28 1 1 30 2
11 22 0 6 22 1 1 30 2
8 25 0 5 27 1 5 29 2
10 26 0 11 24 1 12 23 2
7 22 0 6 17 1 5 18 2
10 20 0 13 20 1 8 21 2
7 30 0 13 26 1 15 27 2
2 20 0 10 19 1 3 19 2
5 30 0 7 29 1 8 29 2
4 31 0 5 31 1 5 31 2
5 21 0 6 18 1 7 16 2
1 18 0 0 18 1 0 17 2
9 26 0 10 27 1 10 28 2
5 24 0 3 26 1 1 29 2
11 30 0 8 28 1 15 27 2
12 28 0 13 27 1 14 27 2
2 23 0 2 26 1 2 30 2
13 24 0 13 23 1 12 17 2
14 29 0 10 28 1 6 27 2
10 16 0 12 26 1 10 19 2
11 18 0 12 19 1 13 21 2
10 20 0 11 23 1 12 20 2
7 16 0 5 20 1 6 20 2
9 30 0 10 27 1 12 24 2
15 22 0 10 30 1 5 16 2
4 19 0 3 20 1 2 22 2
7 18 0 9 21 1 11 24 2
4 26 0 4 28 1 4 30 2
9 22 0 9 18 1 12 18 2
7 17 0 7 20 1 6 24 2
2 27 0 1 23 1 1 21 2
6 20 0 5 20 1 4 19 2
4 25 0 5 27 1 7 28 2
6 17 0 10 19 1 14 21 2
9 27 0 8 25 1 7 23 2
5 24 0 4 25 1 2 27 2
10 23 0 12 20 1 14 29 2
2 19 0 4 16 1 3 16 2
2 26 0 5 25 1 9 24 2
13 27 0 10 21 1 5 24 2
10 17 0 6 17 1 3 17 2
4 20 0 4 19 1 3 19 2
9 25 0 5 22 1 1 19 2
7 28 0 7 25 1 8 22 2
7 27 0 8 30 1 11 29 2
6 31 0 7 30 1 6 29 2
9 21 0 8 20 1 8 20 2
13 31 0 7 29 1 0 31 2
6 25 0 0 22 1 1 20 2
6 20 0 5 23 1 3 23 2
9 17 0 10 21 1 6 22 2
8 25 0 9 25 1 9 29 2
12 24 0 11 21 1 10 18 2
14 26 0 9 17 1 5 19 2
6 21 0 5 24 1 4 27 2
10 26 0 9 24 1 8 23 2
15 17 0 12 16 1 9 16 2
6 18 0 6 23 1 7 28 2
3 22 0 5 19 1 8 16 2
5 26 0 8 22 1 10 17 2
7 18 0 4 19 1 2 20 2
7 22 0 9 21 1 11 20 2
6 22 0 7 23 1 9 24 2
13 30 0 13 31 1 13 31 2
9 22 0 8 22 1 8 22 2
4 31 0 1 31 1 9 30 2
1 29 0 2 30 1 3 31 2
15 21 0 12 22 1 9 24 2
6 22 0 11 19 1 10 24 2
10 18 0 10 27 1 10 19 2
15 17 0 11 17 1 6 19 2
11 28 0 9 22 1 7 17 2
15 25 0 14 20 1 12 19 2
13 31 0 10 30 1 7 30 2
11 29 0 13 20 1 14 23 2
2 17 0 3 17 1 3 19 2
14 25 0 4 26 1 5 28 2
11 28 0 10 28 1 11 31 2
3 25 0 8 24 1 12 23 2
8 17 0 8 20 1 9 21 2
12 30 0 13 30 1 13 30 2
5 28 0 4 24 1 3 19 2
6 30 0 9 28 1 13 26 2
13 25 0 0 23 1 7 20 2
10 20 0 10 19 1 10 18 2
8 21 0 8 19 1 9 17 2
6 25 0 13 26 1 14 17 2
11 27 0 9 27 1 7 27 2
8 18 0 5 18 1 1 19 2
9 19 0 12 19 1 15 20 2
7 26 0 8 21 1 8 17 2
12 27 0 10 28 1 9 29 2
7 21 0 8 20 1 9 20 2
14 31 0 11 31 1 8 31 2
8 30 0 6 29 1 5 31 2
15 31 0 15 29 1 14 27 2
9 26 0 9 24 1 8 23 2
12 30 0 11 25 1 10 21 2
9 23 0 7 22 1 9 19 2
12 24 0 10 23 1 6 23 2
3 28 0 5 27 1 6 27 2
15 16 0 14 18 1 13 20 2
2 24 0 0 16 1 6 20 2
8 17 0 8 19 1 7 22 2
7 23 0 9 22 1 12 21 2
11 31 0 12 29 1 13 27 2
8 23 0 7 23 1 6 17 2
11 21 0 13 21 1 14 22 2
3 23 0 11 22 1 7 22 2
8 21 0 10 20 1 11 19 2
12 24 0 13 23 1 15 22 2
9 24 0 8 25 1 8 26 2
5 25 0 8 22 1 10 28 2
3 30 0 5 27 1 7 24 2
1 24 0 13 24 1 5 20 2
4 25 0 4 24 1 3 24 2
6 28 0 5 23 1 4 19 2
8 24 0 11 23 1 9 18 2
1 20 0 2 20 1 2 20 2
14 29 0 8 25 1 7 20 2
7 22 0 3 19 1 0 19 2
1 23 0 4 26 1 6 30 2
10 19 0 9 21 1 8 23 2
13 29 0 11 24 1 13 30 2
10 20 0 9 24 1 9 28 2
3 30 0 3 24 1 8 18 2
1 25 0 2 23 1 2 21 2
7 19 0 5 20 1 3 23 2
14 24 0 12 22 1 10 22 2
9 31 0 10 16 1 11 18 2
4 19 0 8 23 1 12 28 2
3 25 0 4 28 1 13 29 2
3 22 0 2 26 1 2 31 2
7 27 0 10 31 1 13 26 2
5 28 0 12 26 1 14 27 2
2 19 0 3 25 1 3 31 2
4 25 0 7 25 1 10 24 2
5 18 0 4 18 1 2 18 2
5 28 0 5 24 1 5 20 2
11 17 0 13 18 1 15 20 2
5 19 0 4 22 1 3 26 2
12 21 0 12 21 1 12 22 2
6 31 0 9 29 1 12 26 2
6 16 0 7 16 1 9 19 2
9 20 0 9 22 1 3 28 2
15 31 0 14 22 1 12 30 2
3 16 0 4 26 1 4 31 2
13 31 0 11 26 1 9 23 2
7 16 0 5 30 1 6 31 2
13 27 0 0 26 1 12 26 2
15 30 0 14 27 1 13 24 2
10 20 0 11 20 1 12 21 2
9 17 0 10 21 1 11 24 2
3 26 0 3 26 1 4 27 2
11 19 0 9 23 1 7 29 2
5 24 0 2 25 1 7 26 2
8 18 0 8 19 1 7 21 2
1 30 0 2 25 1 3 21 2
1 21 0 1 20 1 1 19 2
8 19 0 6 26 1 5 23 2
1 31 0 3 31 1 5 31 2
10 27 0 6 28 1 3 29 2
14 17 0 14 16 1 15 16 2
12 24 0 13 23 1 14 23 2
15 26 0 12 29 1 10 27 2
5 22 0 8 16 1 13 17 2
3 17 0 8 18 1 14 19 2
7 19 0 6 21 1 6 24 2
7 30 0 7 24 1 7 18 2
5 16 0 4 16 1 4 17 2
6 21 0 10 25 1 15 29 2
5 19 0 6 20 1 7 21 2
15 29 0 14 30 1 6 31 2
7 23 0 8 23 1 9 23 2
8 17 0 10 16 1 12 30 2
13 24 0 11 25 1 8 26 2
4 17 0 15 19 1 13 21 2
10 28 0 12 26 1 15 24 2
5 16 0 7 30 1 14 17 2
8 20 0 7 20 1 7 20 2
8 24 0 5 22 1 1 21 2
13 30 0 11 26 1 9 23 2
12 31 0 13 16 1 13 30 2
14 24 0 13 24 1 11 26 2
3 30 0 4 30 1 3 20 2
7 22 0 13 17 1 11 23 2
3 17 0 2 17 1 0 18 2
10 31 0 10 31 1 9 30 2
2 25 0 3 24 1 3 23 2
3 24 0 5 25 1 6 27 2
6 21 0 9 21 1 11 21 2
11 18 0 8 20 1 5 24 2
6 31 0 8 24 1 10 18 2
9 22 0 10 21 1 11 20 2
2 24 0 8 21 1 14 19 2
11 16 0 10 21 1 8 26 2
8 18 0 4 19 1 0 20 2
9 18 0 5 17 1 0 16 2
3 21 0 15 19 1 12 17 2
3 26 0 4 27 1 10 23 2
15 26 0 14 21 1 13 16 2
15 31 0 14 29 1 14 28 2
7 24 0 7 22 1 7 20 2
11 17 0 7 19 1 3 22 2
9 20 0 7 19 1 5 19 2
8 29 0 11 23 1 14 18 2
5 22 0 4 24 1 3 27 2
1 29 0 3 26 1 4 22 2
1 18 0 1 17 1 1 16 2
3 31 0 4 27 1 6 21 2
5 21 0 6 20 1 7 20 2
7 24 0 4 25 1 0 26 2
5 30 0 4 29 1 2 27 2
12 19 0 7 24 1 5 21 2
14 23 0 14 25 1 14 24 2
7 19 0 9 23 1 15 28 2
11 30 0 11 28 1 12 27 2
7 28 0 9 27 1 12 27 2
14 23 0 10 20 1 6 18 2
8 20 0 5 23 1 2 26 2
4 24 0 2 24 1 0 16 2
9 22 0 8 22 1 8 24 2
15 30 0 10 29 1 9 29 2
9 19 0 9 17 1 9 18 2
14 28 0 14 27 1 13 26 2
8 23 0 6 22 1 5 22 2
14 21 0 11 21 1 9 21 2
3 16 0 3 16 1 3 16 2
4 21 0 2 23 1 1 24 2
7 17 0 6 23 1 6 29 2
8 21 0 8 22 1 12 20 2
8 20 0 11 20 1 14 21 2
4 22 0 6 26 1 7 30 2
10 19 0 9 18 1 9 18 2
6 25 0 6 22 1 7 19 2
11 31 0 10 27 1 9 28 2
6 26 0 9 28 1 12 30 2
5 24 0 9 20 1 12 19 2
12 16 0 2 26 1 11 29 2
2 25 0 2 20 1 2 24 2
2 21 0 1 22 1 1 23 2
7 16 0 9 20 1 4 24 2
2 28 0 4 26 1 5 24 2
11 27 0 14 23 1 9 20 2
9 27 0 5 26 1 1 26 2
11 22 0 9 18 1 7 28 2
11 23 0 6 31 1 2 19 2
5 25 0 3 26 1 0 27 2
5 30 0 9 27 1 13 29 2
14 16 0 13 17 1 11 18 2
6 26 0 10 27 1 13 29 2
9 22 0 10 22 1 10 22 2
1 18 0 2 20 1 4 23 2
11 29 0 11 18 1 11 16 2
15 21 0 15 18 1 5 19 2
2 27 0 5 25 1 8 24 2
4 27 0 4 25 1 3 24 2
11 24 0 12 25 1 13 27 2
13 31 0 12 30 1 11 29 2
7 27 0 4 25 1 1 23 2
12 18 0 12 18 1 11 18 2
14 26 0 12 27 1 11 29 2
4 19 0 7 21 1 10 23 2
11 27 0 12 29 1 12 30 2
2 27 0 7 21 1 15 21 2
11 16 0 13 22 1 11 21 2
6 22 0 3 23 1 0 24 2
11 25 0 7 24 1 3 24 2
2 21 0 9 17 1 11 22 2
10 23 0 10 24 1 9 26 2
3 24 0 5 26 1 6 28 2
11 18 0 11 22 1 11 27 2
6 27 0 8 27 1 10 27 2
11 18 0 11 25 1 11 23 2
15 20 0 14 19 1 13 19 2
3 31 0 3 29 1 2 26 2
12 25 0 11 27 1 10 30 2
1 28 0 2 27 1 1 22 2
12 24 0 9 22 1 6 20 2
14 17 0 10 22 1 3 27 2
15 25 0 14 27 1 13 29 2
5 20 0 4 17 1 3 19 2
11 28 0 12 29 1 13 31 2
6 27 0 10 24 1 13 21 2
10 17 0 1 20 1 12 16 2
7 25 0 8 16 1 9 22 2
4 26 0 2 23 1 0 21 2
8 27 0 8 22 1 12 18 2
3 26 0 8 28 1 13 31 2
2 25 0 4 20 1 7 17 2
3 28 0 4 29 1 6 31 2
14 20 0 15 18 1 14 16 2
13 19 0 9 24 1 6 29 2
14 17 0 13 20 1 13 24 2
4 27 0 7 26 1 10 26 2
5 25 0 8 24 1 11 23 2
4 18 0 4 20 1 4 20 2
11 17 0 10 17 1 10 18 2
15 31 0 13 28 1 12 27 2
11 23 0 10 23 1 10 19 2
14 28 0 13 26 1 9 26 2
12 31 0 14 25 1 0 22 2
5 21 0 8 16 1 10 17 2
5 30 0 3 29 1 2 27 2
6 23 0 6 26 1 6 28 2
11 29 0 11 26 1 12 24 2
10 27 0 12 24 1 13 21 2
7 31 0 6 27 1 4 24 2
6 28 0 4 29 1 2 29 2
7 23 0 5 26 1 4 30 2
9 22 0 10 22 1 12 22 2
11 25 0 9 26 1 7 27 2
1 18 0 3 22 1 6 26 2
8 24 0 10 18 1 13 19 2
4 16 0 6 16 1 7 17 2
13 29 0 14 26 1 14 24 2
4 17 0 3 16 1 1 16 2
14 31 0 13 30 1 11 29 2
10 18 0 13 21 1 15 24 2
9 18 0 6 30 1 3 28 2
13 25 0 8 22 1 3 19 2
15 22 0 15 26 1 14 30 2
12 26 0 11 31 1 9 30 2
6 21 0 8 19 1 9 18 2
5 28 0 8 27 1 10 26 2
4 20 0 4 19 1 3 18 2
4 29 0 7 29 1 9 29 2
7 18 0 11 16 1 7 16 2
8 17 0 10 16 1 11 17 2
2 29 0 4 30 1 5 31 2
2 30 0 13 25 1 15 20 2
11 18 0 15 17 1 11 17 2
3 28 0 8 25 1 13 29 2
6 29 0 5 27 1 3 26 2
7 27 0 7 26 1 6 26 2
1 29 0 11 26 1 9 23 2
15 19 0 14 24 1 4 29 2
15 30 0 13 30 1 10 31 2
3 29 0 7 29 1 10 30 2
3 19 0 1 21 1 0 23 2
6 21 0 11 22 1 15 24 2
1 24 0 15 29 1 11 23 2
9 19 0 12 21 1 14 22 2
15 25 0 11 23 1 7 21 2
4 30 0 4 27 1 4 24 2
1 26 0 0 21 1 3 21 2
12 21 0 13 21 1 15 22 2
5 17 0 5 17 1 5 18 2
6 19 0 6 19 1 6 18 2
9 18 0 9 19 1 8 21 2
8 21 0 5 28 1 1 29 2
11 23 0 8 22 1 6 21 2
5 21 0 8 18 1 11 16 2
4 22 0 4 22 1 3 22 2
5 20 0 4 21 1 0 17 2
7 21 0 7 19 1 8 18 2
13 25 0 15 29 1 7 19 2
8 17 0 8 19 1 9 22 2
7 30 0 4 29 1 2 28 2
7 31 0 7 29 1 8 27 2
14 24 0 14 25 1 6 27 2
7 26 0 6 22 1 6 17 2
1 20 0 3 26 1 5 29 2
11 21 0 6 19 1 2 17 2
8 24 0 7 23 1 6 22 2
12 26 0 14 20 1 4 21 2
6 22 0 5 25 1 4 29 2
5 17 0 3 19 1 1 21 2
2 26 0 3 25 1 4 21 2
14 28 0 1 28 1 4 30 2
14 17 0 13 19 1 12 21 2
1 23 0 2 22 1 8 22 2
4 25 0 5 24 1 6 24 2
1 27 0 4 27 1 9 24 2
4 17 0 9 20 1 14 18 2
1 21 0 2 24 1 4 27 2
4 23 0 6 22 1 8 30 2
7 27 0 5 22 1 2 18 2
15 25 0 15 27 1 15 30 2
15 24 0 14 23 1 13 24 2
11 27 0 11 23 1 11 20 2
15 21 0 14 26 1 15 30 2
6 20 0 5 20 1 5 20 2
3 31 0 12 24 1 9 17 2
12 16 0 10 22 1 7 23 2
10 26 0 9 26 1 8 26 2
1 24 0 4 24 1 6 24 2
13 21 0 12 22 1 11 24 2
2 19 0 1 21 1 0 23 2
12 19 0 14 18 1 15 17 2
4 20 0 3 24 1 2 27 2
14 18 0 12 17 1 6 16 2
6 30 0 11 31 1 15 27 2
6 17 0 4 19 1 9 21 2
10 19 0 12 18 1 14 19 2
3 31 0 6 30 1 9 29 2
11 24 0 13 20 1 14 16 2
11 26 0 11 25 1 10 24 2
6 19 0 5 26 1 3 21 2
4 31 0 4 31 1 3 22 2
12 27 0 11 29 1 9 30 2
6 18 0 6 21 1 6 24 2
3 18 0 3 25 1 13 20 2
9 23 0 5 16 1 4 16 2
15 29 0 10 24 1 7 18 2
12 29 0 7 24 1 3 20 2
1 25 0 6 23 1 10 22 2
13 31 0 2 30 1 12 30 2
8 20 0 10 21 1 11 22 2
11 22 0 10 19 1 10 18 2
15 16 0 13 20 1 14 27 2
7 24 0 9 21 1 8 18 2
